-6.67E+00		9.28E-04
-6.353467333	5.90E-04
-6.040268667	3.21E-04
-5.727069333	2.16E-04
-5.41387		4.87E-04
-5.100671333	3.98E-04
-4.787472		1.83E-03
-4.474272667	-5.26E-04
-4.161074		7.63E-04
-3.847874667	3.34E-04
-3.534675333	5.16E-04
-3.221476667	-5.22E-04
-2.908277333	5.74E-04
-2.595078		1.03E-04
-2.281879333	-6.82E-04
-1.96868		-1.48E-03
-1.655480667	-2.59E-03
-1.342282		-8.06E-04
-1.029082667	-7.36E-04
-0.715884		-1.94E-03
-0.402684533	-1.02E-03
-0.089485467	6.35E-04
0.223713667		1.55E-03
0.536912733		2.06E-03
0.850112		3.15E-03
1.163310667		7.67E-04
1.47651		-6.28E-04
1.789709333	-4.27E-03
2.102908	-9.73E-03
2.416107333	-1.23E-02
2.729306667	-1.91E-02
3.042505333	-2.38E-02
3.355704667	-2.81E-02
3.668904	-3.32E-02
3.982102667	-3.82E-02
4.295302	-4.05E-02
4.608501333	-4.18E-02
4.9217	-4.32E-02
5.234899333	-4.25E-02
5.548098667	-4.26E-02
5.861297333	-4.31E-02
6.174496667	-4.00E-02
6.487696	-3.96E-02
6.800893333	-3.66E-02
7.114093333	-3.53E-02
7.427293333	-3.36E-02
7.740493333	-3.11E-02
8.053693333	-2.87E-02
8.366893333	-2.87E-02
8.680086667	-2.61E-02
8.993286667	-2.36E-02
9.306486667	-2.12E-02
9.619686667	-2.08E-02
9.932886667	-1.93E-02
10.24608667	-1.81E-02
10.55928667	-1.69E-02
10.87248	-1.62E-02
11.18568	-1.43E-02
11.49888	-1.34E-02
11.81208	-1.33E-02
12.12528	-1.18E-02
12.43848	-1.09E-02
12.75168	-9.50E-03
13.06488	-9.66E-03
13.37807333	-7.98E-03
13.69127333	-7.14E-03
14.00447333	-8.77E-03
14.31767333	-6.51E-03
14.63087333	-6.75E-03
14.94407333	-6.23E-03
15.25727333	-6.15E-03
15.57046667	-4.65E-03
15.88366667	-5.32E-03
16.19686667	-4.22E-03
16.51006667	-4.81E-03
16.82326667	-5.39E-03
17.13646667	-4.28E-03
17.44966667	-4.18E-03
17.76286667	-4.22E-03
18.07606	-4.93E-03
18.38926	-3.45E-03
18.70246	-2.65E-03
19.01566	-3.16E-03
19.32886	-3.42E-03
19.64206	-3.10E-03
19.95526	-1.37E-03
20.26845333	-2.89E-03
20.58165333	-1.94E-03
20.89485333	-1.72E-03
21.20805333	-1.27E-03
21.52125333	-2.09E-03
21.83445333	-1.67E-03
22.14765333	-7.46E-04
22.46085333	-1.47E-03
22.77404667	-2.27E-03
23.08724667	-1.27E-03
23.40044667	-1.59E-03
23.71364667	-1.56E-03
24.02684667	-2.73E-03
24.34004667	-2.31E-03
24.65324667	-1.95E-03
24.96644	-3.43E-04
25.27964	-2.24E-04
25.59284	-6.98E-04
25.90604	-1.27E-03
26.21924	-1.84E-03
26.53244	-2.60E-03
26.84564	-8.31E-04
27.15884	-1.88E-03
27.47203333	1.06E-04
27.78523333	-5.52E-04
28.09843333	-1.24E-03
28.41163333	-1.25E-03
28.72483333	-2.00E-03
29.03803333	-1.07E-03
29.35123333	-6.56E-04
29.66442667	-1.23E-03
29.97762667	1.83E-04
30.29082667	-7.84E-04
30.60402667	-7.28E-04
30.91722667	1.11E-03
31.23042667	-2.68E-04
31.54362667	-1.33E-03
31.85682	-8.17E-04
32.17002	-4.98E-04
32.48322	-3.59E-05
32.79642	-1.86E-03
33.10962	-6.09E-04
33.42282	-1.05E-03
33.73602	-2.36E-03
34.04922	-6.50E-04
34.36241333	-6.82E-04
34.67561333	3.01E-04
34.98881333	3.84E-04
35.30201333	-8.43E-04
35.61521333	4.31E-04
35.92841333	-6.28E-04
36.24161333	-8.09E-04
36.55480667	-1.42E-03
36.86800667	2.81E-04
37.18120667	-1.84E-03
37.49440667	-4.46E-04
37.80760667	-3.20E-04
38.12080667	-7.05E-04
38.43400667	-1.82E-04
38.74720667	-8.68E-04
39.0604	-5.03E-04
39.3736	3.13E-04
39.6868	-7.87E-04
40	3.23E-04
