-3.683096E+2	3.123288E-1	5.452408E-5
-3.722031E+2	3.124258E-1	5.436340E-5
-3.722031E+2	3.125252E-1	5.414916E-5
-3.718786E+2	3.127058E-1	5.375817E-5
-3.725275E+2	3.128546E-1	5.337790E-5
-3.692829E+2	3.107287E-1	4.055563E-5
-3.696074E+2	3.107252E-1	4.043244E-5
-3.696074E+2	3.107236E-1	4.030926E-5
-3.683096E+2	3.107241E-1	3.995576E-5
-3.702563E+2	3.107318E-1	3.978437E-5
-3.676607E+2	3.131340E-1	4.005217E-5
-3.653895E+2	3.132140E-1	3.720278E-5
-3.673362E+2	3.132693E-1	3.453549E-5
-3.663628E+2	3.133157E-1	3.165932E-5
-3.738253E+2	3.133279E-1	3.048100E-5
-3.686340E+2	3.129246E-1	4.184643E-5
-3.692829E+2	3.129199E-1	4.268732E-5
-3.676607E+2	3.129152E-1	4.373174E-5
-3.689585E+2	3.129153E-1	4.471724E-5
-3.446243E+2	3.129069E-1	4.527962E-5
-3.653895E+2	3.123864E-1	4.631333E-5
-3.637672E+2	3.123534E-1	4.566526E-5
-3.634427E+2	3.123223E-1	4.494755E-5
-3.653895E+2	3.122741E-1	4.362462E-5
-3.634427E+2	3.122198E-1	4.219992E-5
-3.673362E+2	3.122748E-1	4.023963E-5
-3.660384E+2	3.123048E-1	4.166968E-5
-3.673362E+2	3.123144E-1	4.318007E-5
-3.679851E+2	3.123006E-1	4.501182E-5
-3.653895E+2	3.122148E-1	4.704175E-5
-3.660384E+2	3.117606E-1	4.228562E-5
-3.657139E+2	3.117458E-1	4.244630E-5
-3.637672E+2	3.117194E-1	4.292298E-5
-3.647406E+2	3.116557E-1	4.453514E-5
-3.550069E+2	3.115835E-1	4.653293E-5
-3.605226E+2	3.111212E-1	3.514607E-5
-3.621449E+2	3.110672E-1	3.490505E-5
-3.605226E+2	3.110440E-1	3.460512E-5
-3.663628E+2	3.110688E-1	3.401596E-5
-3.822612E+2	3.113812E-1	3.453013E-5
-3.592248E+2	3.121454E-1	4.447622E-5
-3.585759E+2	3.121186E-1	4.535996E-5
-3.582514E+2	3.121054E-1	4.627584E-5
-3.608471E+2	3.121195E-1	4.677930E-5
-3.579270E+2	3.121509E-1	4.664540E-5
-3.585759E+2	3.131869E-1	4.714887E-5
-3.572781E+2	3.131916E-1	4.643652E-5
-3.589003E+2	3.131858E-1	4.546708E-5
-3.582514E+2	3.131700E-1	4.302475E-5
-3.601982E+2	3.131595E-1	4.109659E-5
-3.442998E+2	3.124233E-1	3.816686E-5
-3.553313E+2	3.123984E-1	3.765268E-5
-3.579270E+2	3.123841E-1	3.710637E-5
-3.657139E+2	3.123979E-1	3.594947E-5
-3.566291E+2	3.124327E-1	3.518892E-5
-3.556558E+2	3.112649E-1	3.646900E-5
-3.576025E+2	3.112838E-1	3.659755E-5
-3.530601E+2	3.112993E-1	3.649578E-5
-3.566291E+2	3.113246E-1	3.593876E-5
-3.576025E+2	3.113364E-1	3.472295E-5
-3.520868E+2	3.116290E-1	3.410165E-5
-3.540335E+2	3.116426E-1	3.281621E-5
-3.546824E+2	3.116801E-1	3.098446E-5
-3.520868E+2	3.117491E-1	2.991326E-5
-3.517623E+2	3.118141E-1	2.980078E-5
-3.446243E+2	3.122095E-1	2.794225E-5
-3.504645E+2	3.121905E-1	2.806008E-5
-3.494911E+2	3.121784E-1	2.801724E-5
-3.501400E+2	3.121818E-1	2.799581E-5
-3.507889E+2	3.121855E-1	2.812436E-5
-3.498156E+2	3.108178E-1	2.466438E-5
-3.520868E+2	3.109971E-1	2.469116E-5
-3.498156E+2	3.111643E-1	2.440194E-5
-3.501400E+2	3.113905E-1	2.349142E-5
-3.491667E+2	3.115492E-1	2.245771E-5
-3.491667E+2	3.118808E-1	4.194819E-5
-3.475444E+2	3.120635E-1	3.659219E-5
-3.481933E+2	3.122282E-1	3.135402E-5
-3.491667E+2	3.124246E-1	2.495360E-5
-3.468955E+2	3.126015E-1	1.784619E-5
-3.468955E+2	3.119824E-1	2.081342E-5
-3.459221E+2	3.121291E-1	2.041707E-5
-3.433264E+2	3.122407E-1	1.971544E-5
-3.452732E+2	3.123490E-1	1.839786E-5
-3.465710E+2	3.123800E-1	1.621261E-5
-3.673362E+2	3.129643E-1	1.411306E-5
-3.342417E+2	3.132046E-1	1.525389E-5
-3.455976E+2	3.134535E-1	1.671072E-5
-3.459221E+2	3.136443E-1	1.790511E-5
-3.339172E+2	3.137702E-1	1.930302E-5
-3.404063E+2	3.139522E-1	3.310008E-5
-3.394330E+2	3.139423E-1	3.305723E-5
-3.394330E+2	3.139079E-1	3.262875E-5
-3.361884E+2	3.137867E-1	3.123084E-5
-3.371618E+2	3.136528E-1	2.973116E-5
-3.173699E+2	3.104866E-1	1.177249E-5
-3.284014E+2	3.103598E-1	1.095302E-5
-3.361884E+2	3.103160E-1	1.029423E-5
-3.348906E+2	3.103744E-1	1.004250E-5
-3.225612E+2	3.105599E-1	1.020318E-5
-3.329438E+2	3.119516E-1	1.374350E-5
-3.335927E+2	3.119960E-1	1.471829E-5
-3.326194E+2	3.120578E-1	1.585912E-5
-3.319705E+2	3.121502E-1	1.714456E-5
-3.342417E+2	3.122713E-1	1.885312E-5
-3.280770E+2	3.121043E-1	8.574956E-6
-3.287259E+2	3.121982E-1	9.292660E-6
-3.274281E+2	3.123518E-1	1.061559E-5
-3.290504E+2	3.125548E-1	1.194924E-5
-3.300237E+2	3.127929E-1	1.336858E-5
-3.241835E+2	3.116896E-1	1.500216E-5
-3.290504E+2	3.114884E-1	1.543599E-5
-3.280770E+2	3.113654E-1	1.581627E-5
-3.235346E+2	3.113301E-1	1.646434E-5
-3.235346E+2	3.114769E-1	1.706422E-5
-3.222368E+2	3.119514E-1	1.109228E-5
-3.228857E+2	3.120622E-1	1.062095E-5
-3.241835E+2	3.121889E-1	1.008535E-5
-3.232101E+2	3.123317E-1	9.164116E-6
-3.202900E+2	3.124221E-1	7.562672E-6
-3.170455E+2	3.128942E-1	-4.718636E-6
-3.193167E+2	3.127588E-1	-5.688072E-6
-3.193167E+2	3.126242E-1	-6.443268E-6
-3.404063E+2	3.123869E-1	-5.896956E-6
-3.199656E+2	3.122174E-1	-4.075916E-6
-3.287259E+2	3.123114E-1	-9.024860E-6
-3.222368E+2	3.122772E-1	-9.201608E-6
-3.131520E+2	3.122447E-1	-1.004250E-5
-3.144498E+2	3.122052E-1	-1.171893E-5
-3.147743E+2	3.121692E-1	-1.380241E-5
-3.102319E+2	3.120643E-1	-2.856890E-5
-3.361884E+2	3.120214E-1	-2.907237E-5
-3.099074E+2	3.119812E-1	-2.975794E-5
-3.099074E+2	3.119284E-1	-3.075951E-5
-3.024449E+2	3.118928E-1	-3.188427E-5
-3.053650E+2	3.131192E-1	-4.575631E-5
-3.199656E+2	3.131398E-1	-4.601340E-5
-3.030938E+2	3.131499E-1	-4.380137E-5
-3.043917E+2	3.131527E-1	-3.861140E-5
-2.904400E+2	3.131542E-1	-3.018106E-5
-3.004982E+2	3.131596E-1	-1.177784E-5
-2.998493E+2	3.131332E-1	-1.119404E-5
-3.079607E+2	3.130879E-1	-1.042278E-5
-3.017960E+2	3.130401E-1	-9.699716E-6
-2.998493E+2	3.129601E-1	-8.414276E-6
-2.979025E+2	3.130675E-1	-8.671364E-6
-2.969292E+2	3.131455E-1	-8.001864E-6
-2.972536E+2	3.132370E-1	-7.016360E-6
-2.972536E+2	3.133363E-1	-5.982652E-6
-2.966047E+2	3.134593E-1	-5.238168E-6
-2.920623E+2	3.115106E-1	-2.118834E-5
-2.910890E+2	3.114379E-1	-2.218991E-5
-2.933602E+2	3.113600E-1	-2.328789E-5
-2.735683E+2	3.112234E-1	-2.543029E-5
-2.917379E+2	3.110944E-1	-2.750842E-5
-2.881688E+2	3.135007E-1	-1.513606E-5
-2.813553E+2	3.133166E-1	-1.620726E-5
-2.878444E+2	3.131394E-1	-1.696245E-5
-2.881688E+2	3.130174E-1	-1.680177E-5
-2.865466E+2	3.129651E-1	-1.600908E-5
-2.849243E+2	3.127951E-1	-2.288619E-5
-2.852487E+2	3.127407E-1	-2.372172E-5
-2.962803E+2	3.127038E-1	-2.572487E-5
-2.839509E+2	3.127102E-1	-2.889562E-5
-2.891422E+2	3.127521E-1	-3.120406E-5
-2.777862E+2	3.137605E-1	-3.058276E-6
-2.784352E+2	3.138183E-1	-2.099552E-6
-2.768129E+2	3.138825E-1	-1.194388E-6
-2.528031E+2	3.139744E-1	1.874600E-7
-2.787596E+2	3.140200E-1	1.092624E-6
-2.761640E+2	3.122139E-1	-8.998080E-6
-2.742172E+2	3.121892E-1	-8.944520E-6
-2.758395E+2	3.121748E-1	-8.971300E-6
-2.745417E+2	3.121633E-1	-9.067708E-6
-2.748661E+2	3.121564E-1	-9.228388E-6
-2.738928E+2	3.120554E-1	-1.228131E-5
-2.622123E+2	3.120617E-1	-1.170822E-5
-2.703237E+2	3.120870E-1	-1.055132E-5
-2.745417E+2	3.121238E-1	-9.292660E-6
-2.693504E+2	3.121629E-1	-8.050068E-6
-2.638346E+2	3.128800E-1	-1.448798E-5
-2.664303E+2	3.128764E-1	-1.522711E-5
-2.651324E+2	3.128579E-1	-1.537172E-5
-2.628612E+2	3.128055E-1	-1.497002E-5
-2.531276E+2	3.127169E-1	-1.407557E-5
-2.609145E+2	3.129539E-1	-1.069058E-5
-2.622123E+2	3.128461E-1	-9.972872E-6
-2.596167E+2	3.127508E-1	-9.356932E-6
-2.618879E+2	3.126265E-1	-9.913956E-6
-2.592922E+2	3.124071E-1	-9.121268E-6
-2.557232E+2	3.127150E-1	1.287582E-5
-2.576699E+2	3.127516E-1	1.492182E-5
-2.557232E+2	3.127897E-1	1.653933E-5
-2.563721E+2	3.128701E-1	1.799616E-5
-2.592922E+2	3.129287E-1	1.825860E-5
-2.644835E+2	3.132429E-1	-2.356640E-7
-2.699993E+2	3.132403E-1	1.446120E-7
-2.492341E+2	3.132293E-1	-5.356000E-9
-2.498830E+2	3.132152E-1	-7.284160E-7
-2.943335E+2	3.132019E-1	-1.681784E-6
-2.466384E+2	3.125250E-1	-1.413448E-5
-2.459895E+2	3.126072E-1	-1.355604E-5
-2.466384E+2	3.127222E-1	-1.306328E-5
-2.472873E+2	3.128242E-1	-1.300972E-5
-2.456651E+2	3.129550E-1	-1.327752E-5
-2.307401E+2	3.120916E-1	-2.166502E-5
-2.404738E+2	3.121086E-1	-2.148827E-5
-2.440428E+2	3.121363E-1	-2.133830E-5
-2.356069E+2	3.121714E-1	-2.123118E-5
-2.417716E+2	3.122369E-1	-2.084555E-5
-2.356069E+2	3.141051E-1	-1.559132E-5
-2.440428E+2	3.140806E-1	-1.490039E-5
-2.372292E+2	3.140426E-1	-1.421482E-5
-2.356069E+2	3.139567E-1	-1.353997E-5
-2.359314E+2	3.138545E-1	-1.357210E-5
-2.310645E+2	3.129909E-1	-3.956477E-5
-2.333357E+2	3.130295E-1	-3.933982E-5
-2.310645E+2	3.130653E-1	-3.853106E-5
-2.323623E+2	3.130932E-1	-3.720813E-5
-2.330113E+2	3.131015E-1	-3.623334E-5
-2.239265E+2	3.133051E-1	-3.297154E-5
-2.112727E+2	3.132727E-1	-3.123084E-5
-2.261977E+2	3.131997E-1	-2.915806E-5
-2.271710E+2	3.130984E-1	-2.731560E-5
-2.271710E+2	3.128843E-1	-2.606230E-5
-2.193841E+2	3.122037E-1	-3.596018E-5
-2.184107E+2	3.122654E-1	-3.478186E-5
-2.119216E+2	3.123503E-1	-3.348036E-5
-2.210064E+2	3.124131E-1	-3.263411E-5
-2.219797E+2	3.125085E-1	-3.152542E-5
-2.171129E+2	3.136683E-1	-4.123584E-5
-2.154906E+2	3.135523E-1	-4.249450E-5
-2.154906E+2	3.133948E-1	-4.394598E-5
-2.161395E+2	3.132554E-1	-4.474938E-5
-2.128950E+2	3.131203E-1	-4.487257E-5
-2.138683E+2	3.140467E-1	-3.694569E-5
-2.141928E+2	3.140305E-1	-3.672609E-5
-2.119216E+2	3.139888E-1	-3.638331E-5
-2.115971E+2	3.138559E-1	-3.583164E-5
-2.115971E+2	3.136565E-1	-3.542458E-5
-2.080281E+2	3.128126E-1	-3.780800E-5
-2.090015E+2	3.127159E-1	-3.780265E-5
-2.336602E+2	3.126413E-1	-3.798475E-5
-2.077036E+2	3.125532E-1	-3.864890E-5
-2.086770E+2	3.125050E-1	-3.932911E-5
-2.005656E+2	3.127223E-1	-3.457834E-5
-2.115971E+2	3.126414E-1	-3.429447E-5
-2.018634E+2	3.125615E-1	-3.406952E-5
-2.031613E+2	3.123976E-1	-3.389277E-5
-2.047835E+2	3.122826E-1	-3.375351E-5
-1.982944E+2	3.142297E-1	-2.582663E-5
-2.044591E+2	3.140766E-1	-2.638901E-5
-1.973210E+2	3.138937E-1	-2.736380E-5
-1.979700E+2	3.137536E-1	-2.840287E-5
-1.973210E+2	3.135479E-1	-3.042744E-5
-1.931031E+2	3.117102E-1	-3.862212E-5
-1.927787E+2	3.117124E-1	-3.879351E-5
-1.927787E+2	3.117663E-1	-3.943623E-5
-1.992678E+2	3.118682E-1	-4.047529E-5
-1.921297E+2	3.120049E-1	-4.131083E-5
-1.875873E+2	3.132587E-1	-3.145043E-5
-1.895341E+2	3.133437E-1	-3.199139E-5
-1.934276E+2	3.134116E-1	-3.272516E-5
-1.862895E+2	3.134830E-1	-3.391955E-5
-1.885607E+2	3.135315E-1	-3.463725E-5
-1.827205E+2	3.127649E-1	-4.219457E-5
-1.840183E+2	3.128012E-1	-4.292298E-5
-1.827205E+2	3.128653E-1	-4.340502E-5
-1.820716E+2	3.129279E-1	-4.338360E-5
-1.859651E+2	3.129748E-1	-4.319614E-5
-1.879118E+2	3.119002E-1	-4.450300E-5
-1.775292E+2	3.120257E-1	-4.392991E-5
-1.755825E+2	3.121706E-1	-4.333540E-5
-1.762314E+2	3.124069E-1	-4.262840E-5
-1.772047E+2	3.125676E-1	-4.246772E-5
-1.733113E+2	3.117979E-1	-4.199640E-5
-1.723379E+2	3.119016E-1	-4.060384E-5
-1.966721E+2	3.119957E-1	-3.928626E-5
-1.729868E+2	3.121306E-1	-3.782943E-5
-1.716890E+2	3.122239E-1	-3.751878E-5
-1.690933E+2	3.123036E-1	-4.016464E-5
-1.687689E+2	3.122873E-1	-3.969867E-5
-1.684444E+2	3.122876E-1	-3.890063E-5
-1.690933E+2	3.123282E-1	-3.776516E-5
-1.668221E+2	3.124471E-1	-3.642616E-5
-1.622797E+2	3.122441E-1	-3.140223E-5
-1.651998E+2	3.123855E-1	-2.990255E-5
-1.635776E+2	3.125730E-1	-2.856355E-5
-1.509238E+2	3.128680E-1	-2.722455E-5
-1.622797E+2	3.132540E-1	-2.607836E-5
-1.587107E+2	3.131473E-1	-3.301974E-5
-1.596841E+2	3.132011E-1	-3.417664E-5
-1.593596E+2	3.132953E-1	-3.598696E-5
-1.570884E+2	3.134039E-1	-3.732596E-5
-1.580618E+2	3.135372E-1	-3.852035E-5
-1.525460E+2	3.133411E-1	-3.482471E-5
-1.531950E+2	3.133861E-1	-3.463190E-5
-1.535194E+2	3.134436E-1	-3.469081E-5
-1.525460E+2	3.135252E-1	-3.785621E-5
-1.535194E+2	3.134699E-1	-3.843466E-5
-1.483281E+2	3.138320E-1	-4.307295E-5
-1.505993E+2	3.138150E-1	-4.328719E-5
-1.483281E+2	3.137976E-1	-4.373174E-5
-1.493015E+2	3.137791E-1	-4.464226E-5
-1.493015E+2	3.137796E-1	-4.579916E-5
-1.431368E+2	3.147073E-1	-4.251593E-5
-1.408656E+2	3.145561E-1	-4.320685E-5
-1.347009E+2	3.144401E-1	-4.395669E-5
-1.437857E+2	3.142743E-1	-4.521535E-5
-1.418390E+2	3.141905E-1	-4.609374E-5
-1.308075E+2	3.136129E-1	-5.301369E-5
-1.379455E+2	3.136450E-1	-5.162648E-5
-1.385944E+2	3.136883E-1	-4.947337E-5
-1.392433E+2	3.137075E-1	-4.786122E-5
-1.369721E+2	3.137078E-1	-4.594377E-5
-1.392433E+2	3.131841E-1	-3.185213E-5
-1.330787E+2	3.131733E-1	-3.078093E-5
-1.330787E+2	3.131622E-1	-3.018106E-5
-1.324297E+2	3.131295E-1	-3.052920E-5
-1.327542E+2	3.131052E-1	-3.160576E-5
-1.269140E+2	3.136671E-1	-3.785621E-5
-1.275629E+2	3.138384E-1	-3.740095E-5
-1.016064E+2	3.140024E-1	-3.713850E-5
-1.259406E+2	3.142162E-1	-3.707423E-5
-1.272384E+2	3.143738E-1	-3.713850E-5
-1.256162E+2	3.129863E-1	-4.930734E-5
-1.379455E+2	3.130620E-1	-4.912523E-5
-1.226960E+2	3.131102E-1	-4.887350E-5
-1.246428E+2	3.131241E-1	-4.850394E-5
-1.233450E+2	3.130966E-1	-4.777552E-5
-1.181536E+2	3.133779E-1	-3.201817E-5
-1.162069E+2	3.135016E-1	-3.305188E-5
-1.178292E+2	3.136396E-1	-3.395168E-5
-1.398922E+2	3.138157E-1	-3.463725E-5
-1.175047E+2	3.140321E-1	-3.500682E-5
-1.136113E+2	3.111852E-1	-4.755592E-5
-1.119890E+2	3.111962E-1	-4.699354E-5
-1.142602E+2	3.112375E-1	-4.575095E-5
-1.123134E+2	3.112934E-1	-4.440124E-5
-1.116645E+2	3.114094E-1	-4.230704E-5
-1.064732E+2	3.127447E-1	-5.408489E-5
-1.071221E+2	3.127266E-1	-5.552030E-5
-1.097178E+2	3.127255E-1	-5.660221E-5
-1.064732E+2	3.127484E-1	-5.656472E-5
-9.803734E+1	3.127933E-1	-5.571311E-5
-9.219712E+1	3.133869E-1	-5.199069E-5
-1.126379E+2	3.134830E-1	-5.039996E-5
-1.019308E+2	3.135597E-1	-4.854143E-5
-1.032286E+2	3.136310E-1	-4.591163E-5
-1.051754E+2	3.136516E-1	-4.468511E-5
-9.706397E+1	3.119638E-1	-5.007324E-5
-9.641506E+1	3.119884E-1	-4.988578E-5
-1.103667E+2	3.120254E-1	-4.953229E-5
-9.836180E+1	3.120710E-1	-4.895920E-5
-9.609060E+1	3.121692E-1	-4.795227E-5
-9.349495E+1	3.120113E-1	-5.927485E-5
-9.122375E+1	3.120337E-1	-5.978903E-5
-9.284604E+1	3.120465E-1	-6.032998E-5
-9.252158E+1	3.120533E-1	-6.113874E-5
-9.317049E+1	3.120541E-1	-6.276696E-5
-8.765473E+1	3.112032E-1	-5.187822E-5
-8.830364E+1	3.112823E-1	-5.158364E-5
-9.381941E+1	3.113717E-1	-5.124621E-5
-8.538354E+1	3.115004E-1	-5.078024E-5
-8.797919E+1	3.116881E-1	-4.994470E-5
-9.025038E+1	3.132196E-1	-4.737918E-5
-8.278788E+1	3.131490E-1	-4.758806E-5
-8.181451E+1	3.130614E-1	-4.808617E-5
-8.084114E+1	3.129928E-1	-4.851465E-5
-8.181451E+1	3.129520E-1	-4.828434E-5
-7.759658E+1	3.125901E-1	-4.158398E-5
-7.759658E+1	3.124453E-1	-4.227491E-5
-8.927701E+1	3.122924E-1	-4.315865E-5
-7.694766E+1	3.120185E-1	-4.495291E-5
-7.759658E+1	3.118361E-1	-5.091414E-5
-7.208082E+1	3.118578E-1	-4.688107E-5
-7.305419E+1	3.120110E-1	-4.698283E-5
-7.175636E+1	3.121809E-1	-4.710066E-5
-7.078299E+1	3.123011E-1	-4.716494E-5
-7.272973E+1	3.123864E-1	-4.722385E-5
-6.721397E+1	3.108887E-1	-5.550423E-5
-6.591614E+1	3.108070E-1	-5.740561E-5
-6.624060E+1	3.107655E-1	-5.902312E-5
-6.559168E+1	3.107673E-1	-6.021215E-5
-6.721397E+1	3.108649E-1	-5.978367E-5
-6.786288E+1	3.122500E-1	-6.425058E-5
-3.509276E+1	3.123659E-1	-6.312582E-5
-6.072483E+1	3.124920E-1	-6.182966E-5
-6.234712E+1	3.125890E-1	-6.093521E-5
-3.249711E+1	3.126534E-1	-6.054958E-5
-5.780472E+1	3.116711E-1	-7.668185E-5
-5.553353E+1	3.116427E-1	-7.770485E-5
-5.261342E+1	3.116508E-1	-7.886710E-5
-5.780472E+1	3.116841E-1	-7.971335E-5
-2.535906E+1	3.117399E-1	-8.019539E-5
-5.131559E+1	3.118842E-1	-6.889958E-5
-4.969331E+1	3.118560E-1	-6.924772E-5
-5.293788E+1	3.118241E-1	-6.963871E-5
-5.131559E+1	3.117829E-1	-7.013682E-5
-5.261342E+1	3.117385E-1	-7.050103E-5
-4.515092E+1	3.114334E-1	-7.358608E-5
-4.644874E+1	3.114713E-1	-7.257380E-5
-4.677320E+1	3.115373E-1	-7.124016E-5
-4.579983E+1	3.116492E-1	-6.971905E-5
-4.742211E+1	3.118273E-1	-6.793550E-5
-4.190635E+1	3.129989E-1	-6.681610E-5
-4.158189E+1	3.129369E-1	-6.674647E-5
-4.060852E+1	3.128391E-1	-6.669291E-5
-4.223081E+1	3.126433E-1	-6.679468E-5
-4.190635E+1	3.124317E-1	-6.706248E-5
-3.606613E+1	3.114653E-1	-7.658544E-5
-3.541722E+1	3.114167E-1	-7.704070E-5
-1.886993E+1	3.114081E-1	-7.756024E-5
-3.639059E+1	3.114735E-1	-7.819760E-5
-3.541722E+1	3.116172E-1	-7.827258E-5
-2.990146E+1	3.104357E-1	-8.285732E-5
-1.822102E+1	3.104074E-1	-8.364465E-5
-3.152374E+1	3.104266E-1	-8.439449E-5
-3.022591E+1	3.105171E-1	-8.531037E-5
-1.108297E+1	3.106302E-1	-8.570671E-5
-2.471015E+1	3.125975E-1	-6.808012E-5
-2.698135E+1	3.126130E-1	-6.790337E-5
-2.568352E+1	3.126026E-1	-6.795693E-5
-2.503461E+1	3.125854E-1	-6.818724E-5
-2.568352E+1	3.125752E-1	-6.846575E-5
-2.049221E+1	3.122868E-1	-7.066171E-5
-2.146558E+1	3.123341E-1	-6.874962E-5
-2.114113E+1	3.123960E-1	-6.509147E-5
-2.049221E+1	3.124701E-1	-6.097806E-5
-2.016776E+1	3.125241E-1	-5.842325E-5
-2.016776E+1	3.119092E-1	-4.649544E-5
-1.594982E+1	3.119788E-1	-4.990721E-5
-1.497645E+1	3.120496E-1	-5.365641E-5
-1.627428E+1	3.121705E-1	-5.903383E-5
-1.757210E+1	3.123047E-1	-6.319009E-5
-1.075851E+1	3.121231E-1	-6.686430E-5
-9.460687E+0	3.122166E-1	-6.572348E-5
2.622955E+1	3.123369E-1	-6.406312E-5
-1.043406E+1	3.124730E-1	-6.223136E-5
-6.540577E+0	3.126054E-1	-6.083880E-5
-5.891664E+0	3.115136E-1	-7.030821E-5
-4.269381E+0	3.114603E-1	-7.045282E-5
-1.951884E+1	3.114145E-1	-7.054388E-5
-6.540577E+0	3.113587E-1	-7.066706E-5
-6.216121E+0	3.113200E-1	-7.079025E-5
-4.918294E+0	3.135064E-1	-6.444875E-5
2.136270E+1	3.134267E-1	-6.600199E-5
-5.144406E-2	3.133035E-1	-6.824615E-5
-5.144406E-2	3.131482E-1	-7.030286E-5
2.730126E-1	3.129545E-1	-7.141690E-5
4.815406E+0	3.132818E-1	-5.520965E-5
1.454911E+1	3.134251E-1	-4.962870E-5
4.815406E+0	3.135765E-1	-4.405310E-5
-3.296011E+0	3.136695E-1	-4.170182E-5
6.437689E+0	3.137189E-1	-4.193212E-5
7.411059E+0	3.132757E-1	-6.900670E-5
1.065563E+1	3.132416E-1	-6.788730E-5
1.065563E+1	3.132190E-1	-6.640904E-5
1.227791E+1	3.131889E-1	-6.431485E-5
2.525618E+1	3.131648E-1	-6.220994E-5
1.617139E+1	3.119768E-1	-6.955837E-5
1.454911E+1	3.119310E-1	-7.053852E-5
1.552248E+1	3.118683E-1	-7.168470E-5
1.584693E+1	3.118088E-1	-7.243990E-5
1.487356E+1	3.117490E-1	-7.328079E-5
2.785183E+1	3.130553E-1	-6.432020E-5
2.219753E+0	3.130389E-1	-6.546103E-5
2.298498E+1	3.129981E-1	-6.658579E-5
3.304314E+1	3.128753E-1	-6.806405E-5
2.817629E+1	3.127504E-1	-6.918881E-5
2.136270E+1	3.125794E-1	-6.838005E-5
-2.081667E+1	3.126166E-1	-6.887816E-5
2.720292E+1	3.126413E-1	-6.937091E-5
2.720292E+1	3.126602E-1	-7.009397E-5
2.687846E+1	3.126618E-1	-7.147046E-5
3.271868E+1	3.115174E-1	-8.070956E-5
3.369205E+1	3.114742E-1	-8.114340E-5
4.083010E+1	3.114210E-1	-8.164151E-5
3.142085E+1	3.113421E-1	-8.221460E-5
3.369205E+1	3.112673E-1	-8.230565E-5
3.855890E+1	3.128601E-1	-6.942447E-5
5.315945E+1	3.128751E-1	-6.748560E-5
3.790999E+1	3.128900E-1	-6.593236E-5
4.212792E+1	3.129275E-1	-6.551459E-5
3.855890E+1	3.129633E-1	-6.578775E-5
3.628770E+1	3.115674E-1	-6.754452E-5
5.705293E+1	3.113778E-1	-6.770520E-5
4.245238E+1	3.111713E-1	-6.784981E-5
3.596325E+1	3.110542E-1	-6.780160E-5
4.504803E+1	3.110088E-1	-6.709461E-5
3.563879E+1	3.098450E-1	2.660325E-5
5.640402E+1	3.100210E-1	2.729953E-5
4.829260E+1	3.102204E-1	2.836002E-5
5.348391E+1	3.103716E-1	2.943122E-5
4.991488E+1	3.105398E-1	3.176644E-5
5.510619E+1	3.127761E-1	1.119458E-4
5.445728E+1	3.128494E-1	1.108317E-4
5.380837E+1	3.129309E-1	1.092624E-4
5.445728E+1	3.130301E-1	1.069058E-4
5.445728E+1	3.131063E-1	1.045384E-4
6.029750E+1	3.133084E-1	1.566201E-4
5.899967E+1	3.131738E-1	1.572200E-4
5.932413E+1	3.129993E-1	1.571075E-4
6.711109E+1	3.126553E-1	1.556936E-4
5.899967E+1	3.122436E-1	1.534226E-4
9.274317E+1	3.134172E-1	2.017552E-4
6.419098E+1	3.133077E-1	2.007375E-4
6.386652E+1	3.131538E-1	1.993235E-4
6.646218E+1	3.130155E-1	1.980863E-4
6.354207E+1	3.128840E-1	1.971544E-4
7.230240E+1	3.121676E-1	2.077753E-4
7.003120E+1	3.121116E-1	2.080538E-4
7.035566E+1	3.120765E-1	2.088251E-4
8.560512E+1	3.120851E-1	2.100355E-4
6.873337E+1	3.121540E-1	2.114013E-4
8.106273E+1	3.124599E-1	2.250698E-4
6.321761E+1	3.124743E-1	2.255679E-4
7.489805E+1	3.124923E-1	2.268641E-4
8.528067E+1	3.125203E-1	2.287119E-4
7.489805E+1	3.125655E-1	2.308222E-4
7.165348E+1	3.122967E-1	2.470562E-4
7.976490E+1	3.122198E-1	2.461350E-4
8.073827E+1	3.121327E-1	2.451548E-4
7.846708E+1	3.120643E-1	2.444693E-4
7.911599E+1	3.119732E-1	2.438908E-4
8.430730E+1	3.121740E-1	2.479239E-4
8.625404E+1	3.122183E-1	2.477096E-4
8.495621E+1	3.122552E-1	2.476507E-4
6.386652E+1	3.123156E-1	2.478864E-4
8.560512E+1	3.123691E-1	2.482185E-4
7.716925E+1	3.128718E-1	2.639758E-4
8.982306E+1	3.130194E-1	2.642115E-4
8.884969E+1	3.131329E-1	2.633492E-4
8.463175E+1	3.132017E-1	2.608265E-4
9.014752E+1	3.131817E-1	2.575808E-4
9.436546E+1	3.120603E-1	2.508911E-4
8.722741E+1	3.120304E-1	2.501145E-4
9.501437E+1	3.120038E-1	2.495950E-4
9.598774E+1	3.119625E-1	2.492843E-4
8.008936E+1	3.119119E-1	2.495360E-4
1.011790E+2	3.118864E-1	2.532477E-4
9.988122E+1	3.119175E-1	2.530067E-4
8.982306E+1	3.119626E-1	2.531567E-4
1.011790E+2	3.120076E-1	2.537191E-4
1.011790E+2	3.120641E-1	2.552348E-4
1.063704E+2	3.132363E-1	2.735202E-4
1.057214E+2	3.133777E-1	2.745325E-4
1.060459E+2	3.136014E-1	2.751699E-4
1.060459E+2	3.138543E-1	2.754859E-4
1.047481E+2	3.141158E-1	2.756358E-4
1.128595E+2	3.137452E-1	2.748056E-4
1.186997E+2	3.137028E-1	2.753091E-4
1.099394E+2	3.136619E-1	2.757483E-4
1.092905E+2	3.136144E-1	2.760375E-4
1.099394E+2	3.135329E-1	2.757911E-4
1.157796E+2	3.135450E-1	2.669270E-4
1.161041E+2	3.135010E-1	2.657112E-4
1.135084E+2	3.134534E-1	2.651809E-4
1.148062E+2	3.133905E-1	2.652827E-4
1.274600E+2	3.133303E-1	2.659682E-4
1.206465E+2	3.123357E-1	2.680089E-4
1.209709E+2	3.122677E-1	2.692086E-4
1.193486E+2	3.122157E-1	2.700602E-4
1.047481E+2	3.121579E-1	2.703441E-4
1.206465E+2	3.120966E-1	2.708636E-4
1.261622E+2	3.124909E-1	2.480310E-4
8.787632E+1	3.124560E-1	2.477739E-4
1.258378E+2	3.124298E-1	2.475329E-4
1.264867E+2	3.124018E-1	2.472758E-4
1.375182E+2	3.123976E-1	2.472597E-4
1.300557E+2	3.108696E-1	2.460118E-4
1.294068E+2	3.109499E-1	2.456958E-4
1.294068E+2	3.110570E-1	2.453530E-4
1.329758E+2	3.111403E-1	2.451441E-4
1.300557E+2	3.112505E-1	2.448977E-4
1.443318E+2	3.116745E-1	2.332217E-4
1.365448E+2	3.116698E-1	2.330556E-4
1.368693E+2	3.116539E-1	2.329860E-4
1.316780E+2	3.116163E-1	2.330235E-4
1.349226E+2	3.115798E-1	2.331895E-4
1.401139E+2	3.123229E-1	2.440569E-4
1.294068E+2	3.122645E-1	2.442979E-4
1.414117E+2	3.122094E-1	2.445657E-4
1.397894E+2	3.121684E-1	2.448388E-4
1.579590E+2	3.121259E-1	2.451548E-4
1.443318E+2	3.125798E-1	2.548010E-4
1.449807E+2	3.125717E-1	2.551384E-4
1.453052E+2	3.125402E-1	2.549992E-4
1.459541E+2	3.124695E-1	2.539922E-4
1.352470E+2	3.123521E-1	2.521498E-4
1.498476E+2	3.111082E-1	2.479667E-4
1.511454E+2	3.110459E-1	2.473669E-4
1.501720E+2	3.109561E-1	2.466706E-4
1.491987E+2	3.108571E-1	2.462528E-4
1.556878E+2	3.107634E-1	2.460439E-4
1.547144E+2	3.123421E-1	2.358997E-4
1.556878E+2	3.123058E-1	2.365317E-4
1.543900E+2	3.122448E-1	2.371851E-4
1.491987E+2	3.121527E-1	2.377850E-4
1.553633E+2	3.119857E-1	2.378546E-4
1.599057E+2	3.118697E-1	2.345339E-4
1.595813E+2	3.118927E-1	2.350695E-4
1.615280E+2	3.118901E-1	2.357336E-4
1.605546E+2	3.118670E-1	2.366227E-4
1.595813E+2	3.118154E-1	2.377100E-4
1.654215E+2	3.118554E-1	2.340893E-4
1.634747E+2	3.118749E-1	2.296010E-4
1.670438E+2	3.119055E-1	2.263178E-4
1.732085E+2	3.119368E-1	2.249681E-4
1.660704E+2	3.120163E-1	2.262910E-4
1.660704E+2	3.122705E-1	2.475490E-4
1.719106E+2	3.122981E-1	2.481221E-4
1.722351E+2	3.123219E-1	2.486202E-4
1.715862E+2	3.123480E-1	2.488023E-4
1.725595E+2	3.123688E-1	2.487916E-4
1.676927E+2	3.130306E-1	2.577093E-4
1.777508E+2	3.129099E-1	2.572112E-4
1.771019E+2	3.126989E-1	2.560007E-4
1.524432E+2	3.124982E-1	2.546028E-4
1.774264E+2	3.121968E-1	2.518177E-4
1.842400E+2	3.131337E-1	2.616192E-4
1.683416E+2	3.131176E-1	2.627921E-4
1.816443E+2	3.131024E-1	2.640562E-4
1.806710E+2	3.130729E-1	2.651220E-4
1.816443E+2	3.129687E-1	2.657272E-4
1.881335E+2	3.134414E-1	2.792940E-4
1.946226E+2	3.134444E-1	2.792083E-4
1.758041E+2	3.134606E-1	2.791976E-4
1.871601E+2	3.134988E-1	2.791922E-4
1.826177E+2	3.135335E-1	2.791708E-4
1.904047E+2	3.127229E-1	2.580092E-4
1.917025E+2	3.127488E-1	2.584538E-4
1.894313E+2	3.127776E-1	2.589412E-4
1.809954E+2	3.128066E-1	2.593482E-4
1.923514E+2	3.128186E-1	2.592358E-4
2.377754E+2	3.121381E-1	2.493004E-4
1.848889E+2	3.120252E-1	2.481917E-4
1.965693E+2	3.119104E-1	2.472490E-4
1.994895E+2	3.117570E-1	2.459904E-4
1.981916E+2	3.116178E-1	2.448335E-4
2.020851E+2	3.135585E-1	2.447531E-4
2.017607E+2	3.133837E-1	2.435266E-4
2.095476E+2	3.131763E-1	2.419680E-4
2.027340E+2	3.128389E-1	2.396007E-4
1.962449E+2	3.125204E-1	2.377100E-4
2.076009E+2	3.127367E-1	2.484755E-4
2.079253E+2	3.128398E-1	2.494396E-4
2.105210E+2	3.129518E-1	2.499913E-4
2.114944E+2	3.130562E-1	2.501788E-4
2.059786E+2	3.131954E-1	2.499806E-4
1.832666E+2	3.134978E-1	2.527764E-4
2.144145E+2	3.134271E-1	2.540993E-4
2.144145E+2	3.133480E-1	2.557062E-4
2.137656E+2	3.132876E-1	2.566220E-4
2.127922E+2	3.132258E-1	2.582824E-4
2.192813E+2	3.136903E-1	2.617745E-4
2.179835E+2	3.135310E-1	2.608586E-4
2.192813E+2	3.132737E-1	2.576129E-4
2.209036E+2	3.130496E-1	2.536494E-4
2.176590E+2	3.127438E-1	2.474579E-4
2.228504E+2	3.114468E-1	2.279835E-4
2.147389E+2	3.113373E-1	2.275818E-4
2.212281E+2	3.112317E-1	2.272658E-4
2.196058E+2	3.111170E-1	2.269659E-4
2.196058E+2	3.110586E-1	2.267945E-4
2.520515E+2	3.120492E-1	2.424983E-4
2.264194E+2	3.119835E-1	2.423751E-4
2.299884E+2	3.119214E-1	2.421608E-4
2.247971E+2	3.118958E-1	2.418288E-4
2.348553E+2	3.118800E-1	2.409236E-4
2.329085E+2	3.121557E-1	2.439390E-4
2.332330E+2	3.121119E-1	2.447049E-4
2.322596E+2	3.120837E-1	2.452780E-4
2.504292E+2	3.120786E-1	2.456208E-4
2.342063E+2	3.120930E-1	2.445550E-4
2.371265E+2	3.136551E-1	2.466063E-4
2.374509E+2	3.137439E-1	2.457815E-4
2.368020E+2	3.138440E-1	2.450638E-4
2.355042E+2	3.139327E-1	2.447960E-4
2.247971E+2	3.140049E-1	2.448977E-4
2.390732E+2	3.136463E-1	2.537887E-4
2.403710E+2	3.136697E-1	2.545385E-4
2.393977E+2	3.136659E-1	2.552991E-4
2.468602E+2	3.136484E-1	2.560222E-4
2.413444E+2	3.136007E-1	2.566702E-4
2.533493E+2	3.139803E-1	2.572380E-4
2.598384E+2	3.139531E-1	2.565953E-4
2.449134E+2	3.139089E-1	2.556044E-4
2.468602E+2	3.138659E-1	2.547581E-4
2.578917E+2	3.138028E-1	2.538958E-4
2.507536E+2	3.126771E-1	2.458832E-4
2.497803E+2	3.126117E-1	2.452191E-4
2.546471E+2	3.125580E-1	2.445710E-4
2.507536E+2	3.124964E-1	2.441426E-4
2.491314E+2	3.124539E-1	2.442068E-4
2.458868E+2	3.138757E-1	2.503448E-4
2.780080E+2	3.139757E-1	2.498306E-4
2.536738E+2	3.140378E-1	2.490326E-4
2.543227E+2	3.140482E-1	2.476186E-4
2.539982E+2	3.139883E-1	2.456904E-4
2.617852E+2	3.133835E-1	2.336341E-4
2.737901E+2	3.131907E-1	2.333020E-4
2.598384E+2	3.130330E-1	2.329057E-4
2.608118E+2	3.128953E-1	2.323272E-4
2.582162E+2	3.128514E-1	2.320594E-4
2.640564E+2	3.136257E-1	2.395257E-4
2.663276E+2	3.136733E-1	2.394025E-4
2.640564E+2	3.137308E-1	2.388669E-4
2.640564E+2	3.137734E-1	2.381545E-4
2.637319E+2	3.138205E-1	2.371423E-4
2.754124E+2	3.137699E-1	2.355033E-4
2.724923E+2	3.137726E-1	2.350213E-4
2.724923E+2	3.137578E-1	2.343839E-4
2.711944E+2	3.137133E-1	2.337412E-4
2.718433E+2	3.136644E-1	2.331520E-4
2.754124E+2	3.135058E-1	2.355140E-4
2.763857E+2	3.134608E-1	2.342500E-4
2.663276E+2	3.134444E-1	2.330931E-4
2.747635E+2	3.134791E-1	2.322897E-4
2.783325E+2	3.135825E-1	2.319844E-4
2.819015E+2	3.128197E-1	2.300670E-4
2.831993E+2	3.128169E-1	2.317006E-4
2.939064E+2	3.128064E-1	2.329914E-4
2.831993E+2	3.127939E-1	2.340197E-4
2.835238E+2	3.127719E-1	2.352194E-4
2.857950E+2	3.122677E-1	2.395792E-4
2.851461E+2	3.122487E-1	2.391990E-4
2.848216E+2	3.122364E-1	2.388883E-4
2.848216E+2	3.122491E-1	2.386098E-4
2.776836E+2	3.122738E-1	2.376725E-4
2.887151E+2	3.121965E-1	2.344268E-4
2.900129E+2	3.121180E-1	2.350856E-4
2.900129E+2	3.120125E-1	2.354765E-4
2.874173E+2	3.118971E-1	2.352944E-4
2.887151E+2	3.117946E-1	2.346999E-4
2.922841E+2	3.114800E-1	2.347856E-4
2.942309E+2	3.114244E-1	2.341322E-4
2.977999E+2	3.113746E-1	2.338162E-4
2.916352E+2	3.113051E-1	2.339501E-4
2.932575E+2	3.112565E-1	2.344161E-4
3.367347E+2	3.112824E-1	2.362960E-4
3.010445E+2	3.112038E-1	2.367995E-4
2.984488E+2	3.111287E-1	2.371797E-4
2.997466E+2	3.110254E-1	2.374101E-4
2.994222E+2	3.109328E-1	2.372976E-4
3.055869E+2	3.107642E-1	2.162164E-4
3.133738E+2	3.105950E-1	2.147595E-4
3.039646E+2	3.103257E-1	2.131420E-4
3.114271E+2	3.100593E-1	2.119798E-4
3.046135E+2	3.098417E-1	2.114227E-4
3.088314E+2	3.119264E-1	2.265963E-4
3.075336E+2	3.120511E-1	2.335162E-4
3.075336E+2	3.122302E-1	2.447478E-4
3.081825E+2	3.124498E-1	2.565096E-4
3.085070E+2	3.127062E-1	2.668520E-4
3.386815E+2	3.127057E-1	2.366067E-4
3.146717E+2	3.126880E-1	2.368852E-4
3.127249E+2	3.126396E-1	2.368262E-4
3.325168E+2	3.125576E-1	2.364567E-4
3.156450E+2	3.124652E-1	2.360121E-4
3.305700E+2	3.120308E-1	2.294028E-4
3.166184E+2	3.119030E-1	2.296492E-4
3.185651E+2	3.117478E-1	2.298902E-4
3.195385E+2	3.116348E-1	2.300402E-4
3.172673E+2	3.115072E-1	2.298956E-4
3.234320E+2	3.118186E-1	2.316684E-4
3.133738E+2	3.118299E-1	2.326325E-4
3.244054E+2	3.118341E-1	2.332806E-4
3.250543E+2	3.118195E-1	2.335055E-4
3.250543E+2	3.117935E-1	2.325897E-4
3.295967E+2	3.137115E-1	2.386901E-4
3.289478E+2	3.137247E-1	2.377528E-4
3.318679E+2	3.136836E-1	2.383795E-4
3.292722E+2	3.135547E-1	2.419519E-4
3.289478E+2	3.133991E-1	2.461350E-4
3.341391E+2	3.119403E-1	1.169590E-4
3.338146E+2	3.118895E-1	1.318487E-4
3.331657E+2	3.118362E-1	1.543171E-4
3.435483E+2	3.117909E-1	1.747181E-4
3.338146E+2	3.117494E-1	2.026925E-4
3.377081E+2	3.123834E-1	2.387919E-4
3.377081E+2	3.125049E-1	2.400184E-4
3.380326E+2	3.125750E-1	2.402059E-4
3.289478E+2	3.125518E-1	2.392043E-4
3.386815E+2	3.124551E-1	2.377796E-4
3.412771E+2	3.118166E-1	2.306990E-4
3.289478E+2	3.119741E-1	2.312292E-4
3.419260E+2	3.121458E-1	2.318827E-4
3.448462E+2	3.123118E-1	2.326164E-4
3.263521E+2	3.125574E-1	2.336823E-4
3.461440E+2	3.114085E-1	2.131902E-4
3.454951E+2	3.113535E-1	2.128635E-4
3.312190E+2	3.112978E-1	2.126868E-4
3.454951E+2	3.112376E-1	2.125582E-4
3.445217E+2	3.111529E-1	2.122743E-4
3.497130E+2	3.117172E-1	2.198906E-4
3.493886E+2	3.119182E-1	2.214063E-4
3.503619E+2	3.120841E-1	2.221776E-4
3.867011E+2	3.121587E-1	2.217973E-4
3.500375E+2	3.121594E-1	2.114817E-4
3.562021E+2	3.125024E-1	2.061203E-4
3.542554E+2	3.125503E-1	2.061953E-4
3.545799E+2	3.125535E-1	2.068809E-4
3.766429E+2	3.125128E-1	2.099231E-4
3.575000E+2	3.123582E-1	2.192104E-4
3.646380E+2	3.140784E-1	2.366013E-4
3.552288E+2	3.139221E-1	2.363871E-4
3.565266E+2	3.137695E-1	2.361782E-4
3.568511E+2	3.135829E-1	2.359425E-4
3.549043E+2	3.133964E-1	2.357283E-4
3.545799E+2	3.134721E-1	2.248610E-4
3.529576E+2	3.134619E-1	2.285834E-4
3.597712E+2	3.134610E-1	2.319309E-4
3.591223E+2	3.134625E-1	2.349035E-4
3.591223E+2	3.134641E-1	2.369012E-4
3.617179E+2	3.134570E-1	2.275282E-4
3.578244E+2	3.133412E-1	2.255251E-4
3.613935E+2	3.131915E-1	2.239022E-4
3.623668E+2	3.130303E-1	2.227078E-4
3.610690E+2	3.127763E-1	2.217009E-4
3.698293E+2	3.130637E-1	2.197245E-4
3.691804E+2	3.132314E-1	2.213260E-4
3.691804E+2	3.133654E-1	2.229167E-4
3.600956E+2	3.134522E-1	2.241432E-4
3.688560E+2	3.135140E-1	2.251609E-4
3.730739E+2	3.128846E-1	2.192050E-4
3.909190E+2	3.129669E-1	2.203512E-4
3.701538E+2	3.130281E-1	2.218027E-4
3.688560E+2	3.130843E-1	2.235434E-4
3.750207E+2	3.131248E-1	2.248717E-4
3.743717E+2	3.113297E-1	2.108229E-4
3.769674E+2	3.112836E-1	2.086430E-4
3.571755E+2	3.112654E-1	2.059811E-4
3.746962E+2	3.112841E-1	2.039725E-4
3.834565E+2	3.113423E-1	2.017123E-4
3.779408E+2	3.121407E-1	2.103676E-4
3.798875E+2	3.121204E-1	2.094625E-4
3.789141E+2	3.120727E-1	2.082252E-4
3.789141E+2	3.120201E-1	2.072772E-4
3.750207E+2	3.119716E-1	2.070844E-4
3.798875E+2	3.129598E-1	2.165966E-4
3.776163E+2	3.130082E-1	2.170037E-4
3.740473E+2	3.130431E-1	2.171162E-4
3.756696E+2	3.130788E-1	2.117120E-4
3.746962E+2	3.127197E-1	2.102658E-4
3.818343E+2	3.135796E-1	2.237255E-4
3.808609E+2	3.135385E-1	2.243146E-4
3.798875E+2	3.134491E-1	2.258143E-4
3.802120E+2	3.132929E-1	2.278014E-4
3.802120E+2	3.129685E-1	2.304901E-4
3.847544E+2	3.109808E-1	2.052741E-4
3.818343E+2	3.110888E-1	2.059221E-4
3.834565E+2	3.112391E-1	2.070201E-4
3.831321E+2	3.115059E-1	2.087983E-4
3.841055E+2	3.117754E-1	2.103890E-4
3.841055E+2	3.127035E-1	2.088251E-4
3.841055E+2	3.127430E-1	2.082145E-4
3.824832E+2	3.127688E-1	2.073790E-4
3.841055E+2	3.127995E-1	2.063774E-4
3.766429E+2	3.128467E-1	2.065649E-4
3.837810E+2	3.125793E-1	2.079306E-4
3.824832E+2	3.124933E-1	2.081020E-4
4.016261E+2	3.124195E-1	2.093125E-4
3.844299E+2	3.123863E-1	2.107907E-4
3.847544E+2	3.123765E-1	2.127832E-4
3.850788E+2	3.125244E-1	2.183481E-4
3.850788E+2	3.125318E-1	2.178553E-4
3.626913E+2	3.125365E-1	2.170733E-4
3.860522E+2	3.125318E-1	2.164306E-4
3.847544E+2	3.125272E-1	2.159700E-4
4.009772E+2	3.130489E-1	2.184498E-4
3.870256E+2	3.131014E-1	2.192104E-4
3.886478E+2	3.131251E-1	2.195531E-4
3.669092E+2	3.130949E-1	2.192104E-4
3.857277E+2	3.130212E-1	2.185087E-4
3.841055E+2	3.128650E-1	2.211118E-4
3.370592E+2	3.129217E-1	2.204958E-4
3.886478E+2	3.129847E-1	2.193925E-4
3.798875E+2	3.130302E-1	2.179624E-4
3.873500E+2	3.130595E-1	2.170305E-4
3.876745E+2	3.135480E-1	2.225311E-4
3.896212E+2	3.135287E-1	2.219044E-4
3.883234E+2	3.134827E-1	2.209832E-4
3.876745E+2	3.134246E-1	2.197299E-4
3.876745E+2	3.133694E-1	2.182838E-4
3.876745E+2	3.124523E-1	2.038601E-4
3.860522E+2	3.125508E-1	2.033405E-4
3.886478E+2	3.127096E-1	2.043850E-4
3.886478E+2	3.128844E-1	2.064899E-4
3.876745E+2	3.131676E-1	2.099338E-4
3.886478E+2	3.125854E-1	2.227882E-4
4.000038E+2	3.128825E-1	2.232006E-4
3.918924E+2	3.131730E-1	2.236076E-4
3.915680E+2	3.134581E-1	2.238380E-4
3.912435E+2	3.137593E-1	2.232863E-4
3.915680E+2	3.131862E-1	2.248449E-4
3.922169E+2	3.132418E-1	2.251502E-4
3.970837E+2	3.133001E-1	2.257179E-4
3.909190E+2	3.133687E-1	2.267409E-4
3.935147E+2	3.134186E-1	2.280692E-4
3.944881E+2	3.135625E-1	2.421448E-4
3.944881E+2	3.134235E-1	2.378975E-4
3.954614E+2	3.132154E-1	2.334091E-4
3.948125E+2	3.129846E-1	2.309507E-4
3.961104E+2	3.126857E-1	2.295903E-4
3.961104E+2	3.108145E-1	2.251127E-4
3.957859E+2	3.107648E-1	2.251984E-4
3.951370E+2	3.107170E-1	2.245771E-4
3.961104E+2	3.106700E-1	2.235380E-4
3.970837E+2	3.106404E-1	2.226382E-4
3.961104E+2	3.107865E-1	2.028478E-4
3.961104E+2	3.107765E-1	2.011767E-4
3.948125E+2	3.107686E-1	1.994574E-4
4.097376E+2	3.107655E-1	1.979310E-4
3.964348E+2	3.107848E-1	1.969133E-4
3.954614E+2	3.120000E-1	2.103730E-4
4.298539E+2	3.120068E-1	2.132920E-4
4.175245E+2	3.120095E-1	2.186801E-4
3.938392E+2	3.120120E-1	2.253591E-4
4.029240E+2	3.120333E-1	2.344589E-4
3.931902E+2	3.122206E-1	2.170894E-4
3.889723E+2	3.121309E-1	2.161092E-4
3.938392E+2	3.119887E-1	2.151987E-4
3.931902E+2	3.118502E-1	2.147649E-4
3.925413E+2	3.117116E-1	2.147649E-4
3.925413E+2	3.122129E-1	2.145399E-4
3.909190E+2	3.120895E-1	2.142132E-4
3.987060E+2	3.119290E-1	2.134848E-4
3.902701E+2	3.118124E-1	2.128367E-4
3.896212E+2	3.116982E-1	2.121994E-4
3.902701E+2	3.118229E-1	2.021729E-4
3.889723E+2	3.118801E-1	2.024675E-4
3.899457E+2	3.119994E-1	2.029388E-4
3.909190E+2	3.121525E-1	2.034102E-4
3.915680E+2	3.124287E-1	2.042457E-4
3.899457E+2	3.119317E-1	2.075771E-4
3.883234E+2	3.119684E-1	2.080699E-4
3.854033E+2	3.120791E-1	2.093928E-4
3.899457E+2	3.122006E-1	2.106943E-4
3.941636E+2	3.123592E-1	2.119851E-4
3.867011E+2	3.126305E-1	2.104265E-4
3.850788E+2	3.125845E-1	2.083323E-4
3.587978E+2	3.125175E-1	2.059650E-4
3.863767E+2	3.124421E-1	2.040368E-4
4.100620E+2	3.123576E-1	2.024193E-4
3.850788E+2	3.110812E-1	2.088197E-4
3.847544E+2	3.109756E-1	2.071487E-4
3.957859E+2	3.108323E-1	2.044974E-4
3.857277E+2	3.106686E-1	2.015088E-4
3.847544E+2	3.104629E-1	1.981506E-4
3.831321E+2	3.115148E-1	1.896185E-4
3.811853E+2	3.114559E-1	1.899505E-4
3.828076E+2	3.113853E-1	1.909735E-4
3.831321E+2	3.113327E-1	1.922375E-4
3.831321E+2	3.113060E-1	1.933998E-4
3.896212E+2	3.114201E-1	1.961581E-4
3.766429E+2	3.114534E-1	1.965438E-4
3.815098E+2	3.114782E-1	1.975346E-4
4.061685E+2	3.114870E-1	2.016588E-4
3.795631E+2	3.113301E-1	2.019212E-4
3.828076E+2	3.120965E-1	2.189158E-4
3.792386E+2	3.120639E-1	2.189104E-4
3.782652E+2	3.120103E-1	2.185784E-4
4.019506E+2	3.119538E-1	2.180267E-4
3.805364E+2	3.118716E-1	2.172126E-4
3.630157E+2	3.114143E-1	2.120226E-4
3.750207E+2	3.114120E-1	2.098534E-4
3.743717E+2	3.114486E-1	2.076575E-4
3.607445E+2	3.114939E-1	2.063935E-4
3.746962E+2	3.115655E-1	2.057240E-4
3.714516E+2	3.121891E-1	2.184284E-4
3.805364E+2	3.121889E-1	2.182088E-4
3.733984E+2	3.121251E-1	2.174054E-4
3.740473E+2	3.119988E-1	2.160128E-4
3.701538E+2	3.118190E-1	2.139883E-4
3.724250E+2	3.115994E-1	2.094035E-4
3.704783E+2	3.115105E-1	2.085412E-4
3.665848E+2	3.114114E-1	2.081663E-4
3.730739E+2	3.113199E-1	2.083323E-4
3.688560E+2	3.112440E-1	2.089001E-4
3.682071E+2	3.111057E-1	2.092161E-4
3.669092E+2	3.110190E-1	2.073415E-4
3.704783E+2	3.109696E-1	2.046420E-4
3.685315E+2	3.109906E-1	2.023068E-4
3.691804E+2	3.110481E-1	2.006947E-4
3.675581E+2	3.119508E-1	2.047813E-4
3.665848E+2	3.119363E-1	2.053651E-4
3.746962E+2	3.119123E-1	2.063292E-4
3.659359E+2	3.118852E-1	2.071219E-4
3.672337E+2	3.118445E-1	2.075557E-4
3.649625E+2	3.114664E-1	2.057133E-4
3.649625E+2	3.115648E-1	2.066987E-4
3.364103E+2	3.116889E-1	2.080163E-4
3.646380E+2	3.117935E-1	2.091732E-4
3.669092E+2	3.118633E-1	2.099766E-4
3.623668E+2	3.112079E-1	2.066184E-4
3.607445E+2	3.111945E-1	2.064363E-4
3.600956E+2	3.111760E-1	2.064149E-4
3.607445E+2	3.111487E-1	2.066880E-4
3.607445E+2	3.111034E-1	2.072290E-4
3.562021E+2	3.116463E-1	2.043153E-4
3.565266E+2	3.117293E-1	2.046153E-4
3.555532E+2	3.118488E-1	2.050866E-4
3.542554E+2	3.119577E-1	2.058471E-4
3.552288E+2	3.120729E-1	2.070844E-4
3.529576E+2	3.120695E-1	2.183481E-4
3.798875E+2	3.121464E-1	2.180535E-4
3.523087E+2	3.122172E-1	2.173251E-4
3.532820E+2	3.122824E-1	2.161146E-4
3.513353E+2	3.123294E-1	2.150595E-4
3.503619E+2	3.123920E-1	2.214492E-4
3.461440E+2	3.123466E-1	2.207636E-4
3.474418E+2	3.123376E-1	2.200191E-4
3.364103E+2	3.123947E-1	2.198638E-4
3.497130E+2	3.125493E-1	2.202012E-4
3.445217E+2	3.118639E-1	2.210046E-4
3.188896E+2	3.116833E-1	2.201852E-4
3.445217E+2	3.115295E-1	2.197567E-4
3.451706E+2	3.114159E-1	2.195906E-4
3.448462E+2	3.113145E-1	2.196014E-4
3.419260E+2	3.118807E-1	2.116316E-4
3.409527E+2	3.119691E-1	2.126118E-4
3.412771E+2	3.121075E-1	2.140418E-4
3.416016E+2	3.122652E-1	2.157075E-4
3.386815E+2	3.124135E-1	2.174643E-4
3.380326E+2	3.123421E-1	2.219044E-4
3.367347E+2	3.122595E-1	2.202762E-4
3.377081E+2	3.121879E-1	2.179517E-4
3.377081E+2	3.121486E-1	2.164038E-4
3.386815E+2	3.121347E-1	2.154397E-4
3.237565E+2	3.127008E-1	2.331574E-4
3.367347E+2	3.125755E-1	2.321665E-4
3.354369E+2	3.123645E-1	2.305330E-4
3.513353E+2	3.121667E-1	2.290708E-4
3.357614E+2	3.119419E-1	2.269819E-4
3.279744E+2	3.129714E-1	2.236505E-4
3.312190E+2	3.126569E-1	2.218402E-4
3.305700E+2	3.123334E-1	2.200298E-4
3.471174E+2	3.121758E-1	2.192961E-4
3.305700E+2	3.121266E-1	2.195639E-4
3.325168E+2	3.125621E-1	2.277478E-4
3.266766E+2	3.123971E-1	2.272229E-4
3.253787E+2	3.122386E-1	2.263553E-4
3.250543E+2	3.120912E-1	2.250966E-4
3.266766E+2	3.120425E-1	2.244646E-4
3.386815E+2	3.119846E-1	2.264088E-4
3.221342E+2	3.119962E-1	2.255251E-4
3.201874E+2	3.120264E-1	2.247913E-4
3.208363E+2	3.120817E-1	2.245664E-4
3.227831E+2	3.121317E-1	2.252252E-4
3.175918E+2	3.130944E-1	2.453369E-4
3.185651E+2	3.129060E-1	2.433284E-4
3.182407E+2	3.127033E-1	2.399809E-4
3.192141E+2	3.125324E-1	2.363228E-4
3.136983E+2	3.124315E-1	2.260393E-4
3.133738E+2	3.119578E-1	2.198209E-4
3.156450E+2	3.119565E-1	2.203619E-4
3.140227E+2	3.119972E-1	2.214385E-4
3.140227E+2	3.121308E-1	2.235701E-4
3.124005E+2	3.122729E-1	2.250805E-4
3.094803E+2	3.119171E-1	2.063078E-4
3.094803E+2	3.119202E-1	2.066452E-4
3.078581E+2	3.119231E-1	2.078182E-4
2.647053E+2	3.119367E-1	2.096767E-4
3.085070E+2	3.119508E-1	2.115888E-4
3.094803E+2	3.119652E-1	2.200887E-4
3.062358E+2	3.119605E-1	2.212724E-4
3.046135E+2	3.119558E-1	2.229864E-4
3.039646E+2	3.119486E-1	2.243843E-4
3.036401E+2	3.119332E-1	2.257929E-4
2.997466E+2	3.115708E-1	2.275122E-4
3.208363E+2	3.114952E-1	2.277960E-4
3.013689E+2	3.114135E-1	2.277371E-4
3.003955E+2	3.113024E-1	2.271212E-4
3.003955E+2	3.111877E-1	2.260500E-4
2.952042E+2	3.110749E-1	2.230506E-4
2.942309E+2	3.110416E-1	2.274800E-4
2.939064E+2	3.109999E-1	2.316738E-4
2.942309E+2	3.109562E-1	2.335109E-4
2.955287E+2	3.109127E-1	2.298742E-4
3.042890E+2	3.125565E-1	2.240201E-4
2.870928E+2	3.125920E-1	2.245771E-4
2.916352E+2	3.126704E-1	2.257340E-4
2.913108E+2	3.127791E-1	2.275657E-4
2.926086E+2	3.128757E-1	2.298045E-4
2.744390E+2	3.126336E-1	2.348660E-4
2.844972E+2	3.126151E-1	2.345232E-4
2.835238E+2	3.125558E-1	2.332967E-4
2.851461E+2	3.124775E-1	2.319523E-4
2.857950E+2	3.123489E-1	2.300884E-4
2.815770E+2	3.114627E-1	2.207690E-4
2.825504E+2	3.115750E-1	2.202387E-4
2.809281E+2	3.116868E-1	2.197728E-4
2.669765E+2	3.117814E-1	2.194514E-4
2.828749E+2	3.118828E-1	2.192586E-4
2.770347E+2	3.120082E-1	2.266552E-4
3.020178E+2	3.120547E-1	2.257929E-4
2.767102E+2	3.120977E-1	2.253965E-4
2.763857E+2	3.121160E-1	2.258304E-4
2.783325E+2	3.121488E-1	2.274158E-4
2.838482E+2	3.121977E-1	2.343250E-4
2.705455E+2	3.121791E-1	2.342340E-4
2.718433E+2	3.121737E-1	2.343036E-4
2.621096E+2	3.121794E-1	2.344803E-4
2.715189E+2	3.121865E-1	2.346142E-4
2.471846E+2	3.122467E-1	2.448067E-4
2.666520E+2	3.122070E-1	2.436552E-4
2.643808E+2	3.121783E-1	2.422947E-4
2.650297E+2	3.121688E-1	2.409343E-4
2.669765E+2	3.121807E-1	2.395310E-4
2.624341E+2	3.126731E-1	2.410414E-4
2.614607E+2	3.125458E-1	2.412503E-4
2.724923E+2	3.123942E-1	2.408754E-4
2.627585E+2	3.122942E-1	2.398524E-4
2.488069E+2	3.121887E-1	2.377850E-4
2.578917E+2	3.124229E-1	2.269819E-4
2.569183E+2	3.124776E-1	2.267034E-4
2.475091E+2	3.125439E-1	2.266284E-4
2.582162E+2	3.125984E-1	2.266177E-4
2.708700E+2	3.126440E-1	2.264678E-4
2.549716E+2	3.108808E-1	2.164788E-4
2.536738E+2	3.109434E-1	2.165806E-4
2.377754E+2	3.110001E-1	2.168323E-4
2.539982E+2	3.110352E-1	2.172554E-4
2.546471E+2	3.110275E-1	2.174857E-4
2.478335E+2	3.118508E-1	2.333181E-4
2.488069E+2	3.119721E-1	2.329860E-4
2.478335E+2	3.121269E-1	2.329539E-4
2.507536E+2	3.122411E-1	2.334413E-4
2.455623E+2	3.123456E-1	2.343304E-4
2.452379E+2	3.125535E-1	2.394828E-4
2.442645E+2	3.127846E-1	2.414645E-4
2.452379E+2	3.130053E-1	2.430392E-4
2.449134E+2	3.131102E-1	2.433927E-4
2.452379E+2	3.131081E-1	2.428785E-4
2.303129E+2	3.133139E-1	2.430767E-4
2.640564E+2	3.133000E-1	2.434570E-4
2.403710E+2	3.132687E-1	2.437301E-4
2.403710E+2	3.132269E-1	2.438640E-4
2.393977E+2	3.131815E-1	2.437141E-4
2.368020E+2	3.107409E-1	2.274104E-4
2.445890E+2	3.106564E-1	2.254930E-4
2.338819E+2	3.105566E-1	2.232381E-4
2.358286E+2	3.104260E-1	2.202655E-4
2.351797E+2	3.102696E-1	2.174482E-4
2.209036E+2	3.129580E-1	2.426857E-4
2.312862E+2	3.126833E-1	2.400881E-4
2.296639E+2	3.123365E-1	2.367084E-4
2.290150E+2	3.120696E-1	2.340518E-4
2.309618E+2	3.118343E-1	2.317434E-4
2.150634E+2	3.123858E-1	2.340197E-4
2.267438E+2	3.124322E-1	2.332913E-4
2.260949E+2	3.124947E-1	2.325575E-4
2.257705E+2	3.125569E-1	2.319844E-4
2.267438E+2	3.126415E-1	2.316845E-4
2.024096E+2	3.136242E-1	2.526907E-4
2.222014E+2	3.138715E-1	2.537994E-4
2.209036E+2	3.140715E-1	2.548813E-4
2.209036E+2	3.141936E-1	2.557811E-4
2.222014E+2	3.142193E-1	2.563489E-4
2.118188E+2	3.128080E-1	2.440461E-4
2.166857E+2	3.127930E-1	2.499217E-4
2.176590E+2	3.127808E-1	2.555562E-4
2.160368E+2	3.127898E-1	2.575272E-4
2.069520E+2	3.132018E-1	2.537459E-4
2.118188E+2	3.130827E-1	2.539387E-4
2.118188E+2	3.129868E-1	2.543564E-4
2.127922E+2	3.128941E-1	2.543243E-4
2.105210E+2	3.128124E-1	2.537459E-4
2.114944E+2	3.127402E-1	2.526800E-4
2.063031E+2	3.146885E-1	2.580842E-4
2.072764E+2	3.147187E-1	2.571898E-4
2.066275E+2	3.146531E-1	2.556419E-4
1.994895E+2	3.144540E-1	2.530603E-4
2.072764E+2	3.141907E-1	2.502055E-4
2.001384E+2	3.116064E-1	2.384973E-4
2.011117E+2	3.115485E-1	2.331842E-4
2.001384E+2	3.114693E-1	2.265052E-4
2.001384E+2	3.114013E-1	2.203030E-4
1.988405E+2	3.113473E-1	2.162217E-4
2.114944E+2	3.117660E-1	2.396810E-4
1.962449E+2	3.118609E-1	2.398149E-4
1.968938E+2	3.119558E-1	2.406986E-4
1.926759E+2	3.120652E-1	2.501359E-4
2.033829E+2	3.121603E-1	2.519409E-4
1.923514E+2	3.117853E-1	2.539387E-4
1.917025E+2	3.117861E-1	2.548867E-4
1.910536E+2	3.117909E-1	2.559525E-4
1.913780E+2	3.117773E-1	2.567024E-4
1.936492E+2	3.117553E-1	2.569970E-4
1.660704E+2	3.123132E-1	2.397881E-4
1.874846E+2	3.122120E-1	2.371958E-4
1.822932E+2	3.120917E-1	2.342768E-4
1.806710E+2	3.119976E-1	2.323111E-4
1.874846E+2	3.119204E-1	2.302866E-4
1.816443E+2	3.135932E-1	2.533013E-4
1.832666E+2	3.135180E-1	2.516195E-4
1.819688E+2	3.133779E-1	2.497128E-4
1.959204E+2	3.132100E-1	2.478061E-4
1.933248E+2	3.130156E-1	2.459797E-4
1.758041E+2	3.127741E-1	2.488023E-4
1.771019E+2	3.128427E-1	2.495575E-4
1.693150E+2	3.128945E-1	2.501573E-4
1.761286E+2	3.129399E-1	2.504680E-4
1.758041E+2	3.129836E-1	2.503341E-4
1.612036E+2	3.120788E-1	2.436123E-4
1.709373E+2	3.119965E-1	2.432427E-4
1.709373E+2	3.118627E-1	2.421233E-4
1.715862E+2	3.117336E-1	2.407683E-4
1.917025E+2	3.115745E-1	2.390758E-4
1.673682E+2	3.118947E-1	2.375493E-4
1.670438E+2	3.119803E-1	2.393168E-4
1.673682E+2	3.120672E-1	2.409129E-4
1.686661E+2	3.121755E-1	2.429428E-4
1.527677E+2	3.122613E-1	2.538155E-4
1.689905E+2	3.122954E-1	2.460921E-4
1.644481E+2	3.122048E-1	2.451120E-4
1.615280E+2	3.120943E-1	2.451227E-4
1.615280E+2	3.120022E-1	2.481970E-4
1.641237E+2	3.119406E-1	2.526479E-4
1.576345E+2	3.122977E-1	2.496485E-4
1.579590E+2	3.122422E-1	2.491825E-4
1.582834E+2	3.122254E-1	2.482720E-4
1.573101E+2	3.122678E-1	2.473615E-4
1.537410E+2	3.123271E-1	2.468366E-4
1.514698E+2	3.122779E-1	2.342714E-4
1.475764E+2	3.122391E-1	2.337519E-4
1.521188E+2	3.121942E-1	2.331199E-4
1.521188E+2	3.121420E-1	2.324611E-4
1.517943E+2	3.120928E-1	2.319255E-4
1.485497E+2	3.116091E-1	2.254555E-4
1.170774E+2	3.115350E-1	2.272872E-4
1.472519E+2	3.114468E-1	2.289154E-4
1.488742E+2	3.113251E-1	2.303401E-4
1.462785E+2	3.112579E-1	2.308490E-4
1.381671E+2	3.122284E-1	2.209350E-4
1.427095E+2	3.123032E-1	2.217330E-4
1.423851E+2	3.123957E-1	2.235059E-4
1.423851E+2	3.124831E-1	2.258143E-4
1.414117E+2	3.125828E-1	2.288779E-4
9.339209E+1	3.119593E-1	2.243039E-4
1.543900E+2	3.118210E-1	2.241218E-4
1.391405E+2	3.116752E-1	2.240950E-4
1.371937E+2	3.115415E-1	2.239397E-4
1.368693E+2	3.114228E-1	2.233988E-4
1.323269E+2	3.118532E-1	2.323486E-4
1.433584E+2	3.119730E-1	2.323808E-4
1.339492E+2	3.120382E-1	2.318880E-4
1.323269E+2	3.120701E-1	2.308597E-4
1.388160E+2	3.120892E-1	2.297510E-4
1.277845E+2	3.123278E-1	2.346999E-4
1.141573E+2	3.123143E-1	2.357015E-4
1.287579E+2	3.123080E-1	2.366656E-4
1.277845E+2	3.123271E-1	2.364728E-4
1.271356E+2	3.123567E-1	2.350588E-4
1.290823E+2	3.125919E-1	2.484595E-4
1.219443E+2	3.124813E-1	2.479560E-4
1.225932E+2	3.123302E-1	2.469170E-4
1.229177E+2	3.121376E-1	2.446460E-4
1.222687E+2	3.119609E-1	2.417216E-4
1.170774E+2	3.122376E-1	2.429214E-4
1.242155E+2	3.125591E-1	2.434463E-4
1.177263E+2	3.128489E-1	2.434838E-4
1.177263E+2	3.131140E-1	2.428410E-4
1.174019E+2	3.132749E-1	2.419412E-4
1.118861E+2	3.127471E-1	2.343839E-4
1.066948E+2	3.127366E-1	2.363389E-4
1.118861E+2	3.127472E-1	2.391936E-4
1.115617E+2	3.127846E-1	2.416788E-4
1.115617E+2	3.128449E-1	2.439444E-4
1.057214E+2	3.127299E-1	2.428410E-4
1.053970E+2	3.127841E-1	2.420698E-4
1.063704E+2	3.128318E-1	2.411218E-4
1.076682E+2	3.128693E-1	2.399220E-4
1.076682E+2	3.128397E-1	2.388348E-4
1.177263E+2	3.110027E-1	2.302919E-4
1.024769E+2	3.111543E-1	2.315506E-4
1.011790E+2	3.114391E-1	2.338697E-4
1.102638E+2	3.117562E-1	2.360657E-4
1.018280E+2	3.121760E-1	2.394775E-4
9.631220E+1	3.123965E-1	2.668413E-4
9.728557E+1	3.125647E-1	2.680410E-4
1.092905E+2	3.127669E-1	2.668038E-4
9.566328E+1	3.129402E-1	2.632635E-4
9.696111E+1	3.131074E-1	2.584806E-4
9.144535E+1	3.130648E-1	2.381492E-4
8.365838E+1	3.129642E-1	2.384063E-4
9.274317E+1	3.128248E-1	2.385080E-4
1.060459E+2	3.127114E-1	2.385348E-4
9.079643E+1	3.125673E-1	2.387491E-4
1.018280E+2	3.127613E-1	2.399381E-4
8.657849E+1	3.127173E-1	2.389097E-4
8.787632E+1	3.126855E-1	2.378975E-4
8.884969E+1	3.127005E-1	2.372601E-4
8.625404E+1	3.127619E-1	2.373404E-4
8.268501E+1	3.126427E-1	2.456904E-4
8.203610E+1	3.123602E-1	2.444960E-4
8.203610E+1	3.119377E-1	2.418770E-4
7.846708E+1	3.114654E-1	2.384116E-4
8.171164E+1	3.109472E-1	2.343357E-4
7.554697E+1	3.115902E-1	2.388026E-4
7.749371E+1	3.116607E-1	2.393543E-4
5.964859E+1	3.117317E-1	2.397399E-4
7.749371E+1	3.117771E-1	2.398417E-4
7.652034E+1	3.118005E-1	2.397506E-4
6.516435E+1	3.122232E-1	2.426696E-4
7.035566E+1	3.123682E-1	2.436712E-4
7.068011E+1	3.124786E-1	2.448120E-4
7.165348E+1	3.125095E-1	2.456636E-4
7.068011E+1	3.124920E-1	2.464724E-4
7.003120E+1	3.107015E-1	2.336662E-4
6.613772E+1	3.106739E-1	2.323754E-4
7.684479E+1	3.106712E-1	2.311971E-4
6.743555E+1	3.107089E-1	2.306990E-4
6.711109E+1	3.107664E-1	2.308329E-4
5.672848E+1	3.122596E-1	2.312989E-4
6.256870E+1	3.123889E-1	2.318880E-4
6.029750E+1	3.125308E-1	2.323968E-4
7.165348E+1	3.126972E-1	2.329699E-4
6.191978E+1	3.128713E-1	2.338751E-4
5.607956E+1	3.120157E-1	2.364245E-4
5.737739E+1	3.119871E-1	2.355783E-4
5.737739E+1	3.119638E-1	2.351766E-4
5.932413E+1	3.119407E-1	2.350106E-4
5.770185E+1	3.119162E-1	2.349356E-4
6.094641E+1	3.131891E-1	2.460814E-4
5.186163E+1	3.134175E-1	2.476132E-4
6.808446E+1	3.136216E-1	2.488987E-4
4.667032E+1	3.137595E-1	2.496914E-4
5.315945E+1	3.138385E-1	2.500502E-4
5.802630E+1	3.120293E-1	2.227775E-4
4.764369E+1	3.120672E-1	2.225311E-4
4.602140E+1	3.120970E-1	2.223115E-4
5.056380E+1	3.121058E-1	2.221776E-4
4.731923E+1	3.120861E-1	2.221080E-4
4.180347E+1	3.124280E-1	2.476507E-4
4.212792E+1	3.123422E-1	2.461403E-4
4.277684E+1	3.122150E-1	2.440622E-4
4.212792E+1	3.120397E-1	2.412396E-4
4.277684E+1	3.119095E-1	2.394132E-4
3.596325E+1	3.123044E-1	2.576986E-4
3.726107E+1	3.122731E-1	2.576129E-4
5.056380E+1	3.122157E-1	2.552295E-4
3.628770E+1	3.121609E-1	2.516999E-4
3.628770E+1	3.120704E-1	2.457065E-4
3.077194E+1	3.126733E-1	2.427125E-4
3.953227E+1	3.125968E-1	2.430553E-4
3.109640E+1	3.125113E-1	2.437623E-4
3.109640E+1	3.124237E-1	2.446621E-4
3.044748E+1	3.123542E-1	2.457119E-4
2.817629E+1	3.119673E-1	2.511054E-4
2.655400E+1	3.119904E-1	2.505751E-4
2.655400E+1	3.119813E-1	2.492308E-4
2.720292E+1	3.119390E-1	2.479453E-4
2.655400E+1	3.118836E-1	2.475597E-4
1.454911E+1	3.119877E-1	2.482506E-4
2.201161E+1	3.119956E-1	2.497771E-4
2.071378E+1	3.120174E-1	2.515660E-4
2.071378E+1	3.120545E-1	2.527711E-4
2.136270E+1	3.120867E-1	2.537512E-4
1.519802E+1	3.107225E-1	2.325897E-4
1.714476E+1	3.107464E-1	2.327771E-4
2.006487E+1	3.107418E-1	2.328360E-4
1.487356E+1	3.107007E-1	2.326272E-4
1.584693E+1	3.106279E-1	2.316631E-4
1.000671E+1	3.122108E-1	2.296921E-4
1.065563E+1	3.123161E-1	2.328253E-4
1.000671E+1	3.124482E-1	2.375707E-4
1.065563E+1	3.125085E-1	2.410736E-4
2.947411E+1	3.125105E-1	2.441479E-4
4.815406E+0	3.123218E-1	2.598517E-4
5.464319E+0	3.123167E-1	2.603552E-4
1.260237E+1	3.123002E-1	2.603659E-4
4.166493E+0	3.122766E-1	2.599695E-4
3.842036E+0	3.122475E-1	2.591768E-4
-1.024814E+0	3.119520E-1	2.447156E-4
5.974693E-1	3.119441E-1	2.461511E-4
2.395835E+1	3.118990E-1	2.473240E-4
-1.349271E+0	3.118413E-1	2.476079E-4
-5.144406E-2	3.117742E-1	2.472008E-4
-6.540577E+0	3.122937E-1	2.459422E-4
-7.838404E+0	3.123540E-1	2.469170E-4
-4.918294E+0	3.124093E-1	2.477686E-4
-5.891664E+0	3.124532E-1	2.485130E-4
-6.540577E+0	3.124485E-1	2.489844E-4
5.464319E+0	3.101602E-1	2.324932E-4
6.113233E+0	3.104314E-1	2.341804E-4
-1.010960E+1	3.107080E-1	2.359050E-4
-5.891664E+0	3.109872E-1	2.375118E-4
-1.205634E+1	3.112544E-1	2.389419E-4
-1.432754E+1	3.121077E-1	2.541101E-4
-1.984330E+1	3.120343E-1	2.526854E-4
-1.562536E+1	3.119654E-1	2.510625E-4
-2.957700E+1	3.118820E-1	2.486844E-4
-1.659873E+1	3.118358E-1	2.467616E-4
-1.205634E+1	3.114987E-1	2.216152E-4
-2.179004E+1	3.114280E-1	2.192532E-4
-2.243895E+1	3.113695E-1	2.174429E-4
-2.243895E+1	3.113349E-1	2.161253E-4
-2.146558E+1	3.113411E-1	2.151505E-4
-2.860363E+1	3.114077E-1	1.214741E-4
-5.228896E+1	3.117388E-1	1.233380E-4
-2.600798E+1	3.121129E-1	1.263105E-4
-2.795472E+1	3.124479E-1	1.286672E-4
-2.730580E+1	3.127375E-1	1.303972E-4
-3.314602E+1	3.121821E-1	9.328010E-5
-3.866178E+1	3.121294E-1	9.113234E-5
-3.119928E+1	3.120651E-1	8.863109E-5
-3.314602E+1	3.119855E-1	8.588346E-5
-3.282157E+1	3.119025E-1	8.381069E-5
-3.411939E+1	3.127247E-1	2.020283E-5
-3.768841E+1	3.127270E-1	2.065809E-5
-3.541722E+1	3.127099E-1	2.175072E-5
-1.757210E+1	3.126826E-1	2.314863E-5
-3.931070E+1	3.126382E-1	2.507679E-5
-4.158189E+1	3.125259E-1	-1.834966E-5
-4.255526E+1	3.125061E-1	-1.727310E-5
-2.600798E+1	3.124789E-1	-1.570379E-5
-4.093298E+1	3.124308E-1	-1.473971E-5
-3.184820E+1	3.123440E-1	-1.439157E-5
-4.774657E+1	3.121002E-1	-3.022926E-5
-4.807103E+1	3.121299E-1	-3.057205E-5
-4.709766E+1	3.122081E-1	-3.030960E-5
-4.677320E+1	3.123051E-1	-2.953298E-5
-4.742211E+1	3.124306E-1	-2.840287E-5
-3.639059E+1	3.117181E-1	-5.029284E-5
-5.261342E+1	3.115922E-1	-5.186215E-5
-4.515092E+1	3.114714E-1	-5.374210E-5
-5.131559E+1	3.114040E-1	-5.525785E-5
-5.228896E+1	3.114099E-1	-5.602376E-5
-5.228896E+1	3.125801E-1	-5.666648E-5
-5.683136E+1	3.124911E-1	-5.750737E-5
-5.748027E+1	3.123807E-1	-5.843396E-5
-5.099114E+1	3.123070E-1	-5.888922E-5
-5.683136E+1	3.122111E-1	-5.911417E-5
-6.169820E+1	3.133992E-1	-5.004646E-5
-6.169820E+1	3.134455E-1	-5.035176E-5
-6.267157E+1	3.134364E-1	-5.099448E-5
-6.267157E+1	3.133461E-1	-5.172825E-5
-6.364494E+1	3.131766E-1	-5.280480E-5
-6.753842E+1	3.137497E-1	-4.974117E-5
-6.818734E+1	3.139072E-1	-5.156757E-5
-7.759658E+1	3.140089E-1	-5.356000E-5
-6.656505E+1	3.140482E-1	-5.497398E-5
-6.883625E+1	3.140454E-1	-5.597556E-5
-7.143190E+1	3.131435E-1	-5.331898E-5
-7.370310E+1	3.131567E-1	-5.212995E-5
-6.624060E+1	3.131517E-1	-5.128370E-5
-7.240527E+1	3.131395E-1	-5.116051E-5
-7.175636E+1	3.131145E-1	-5.162113E-5
-7.694766E+1	3.130736E-1	-5.928021E-5
-7.759658E+1	3.131172E-1	-6.030320E-5
-7.889440E+1	3.131815E-1	-6.139047E-5
-5.293788E+1	3.132434E-1	-6.204926E-5
-7.662321E+1	3.132737E-1	-6.223672E-5
-8.376125E+1	3.124961E-1	-6.603948E-5
-6.299603E+1	3.126170E-1	-6.497364E-5
-8.278788E+1	3.127520E-1	-6.420773E-5
-8.246343E+1	3.128336E-1	-6.398813E-5
-8.278788E+1	3.128870E-1	-6.412203E-5
-8.830364E+1	3.131644E-1	-6.547174E-5
-7.727212E+1	3.132401E-1	-6.560029E-5
-8.765473E+1	3.133296E-1	-6.591094E-5
-8.733028E+1	3.134063E-1	-6.612518E-5
-8.830364E+1	3.134719E-1	-6.623230E-5
-9.187267E+1	3.130585E-1	-7.675684E-5
-9.252158E+1	3.130214E-1	-7.721210E-5
-1.084200E+2	3.129755E-1	-7.749061E-5
-9.089930E+1	3.129169E-1	-7.791373E-5
-1.136113E+2	3.128471E-1	-7.864750E-5
-9.673952E+1	3.133159E-1	-6.781232E-5
-9.511723E+1	3.135159E-1	-6.772662E-5
-9.738843E+1	3.137389E-1	-6.696607E-5
-9.673952E+1	3.139885E-1	-6.561100E-5
-9.641506E+1	3.141651E-1	-6.421308E-5
-1.032286E+2	3.131910E-1	-6.069419E-5
-1.019308E+2	3.131855E-1	-6.108518E-5
-9.284604E+1	3.131815E-1	-6.232777E-5
-1.029042E+2	3.131780E-1	-6.395600E-5
-1.009575E+2	3.131790E-1	-6.651081E-5
-1.087444E+2	3.129658E-1	-6.495221E-5
-1.074466E+2	3.129457E-1	-6.395064E-5
-1.067977E+2	3.128955E-1	-6.271876E-5
-1.080955E+2	3.128409E-1	-6.134762E-5
-1.032286E+2	3.128213E-1	-6.042639E-5
-9.122375E+1	3.125311E-1	-6.542354E-5
-1.129623E+2	3.125662E-1	-6.669291E-5
-1.106911E+2	3.126125E-1	-6.799978E-5
-1.142602E+2	3.126476E-1	-6.860500E-5
-1.145846E+2	3.126696E-1	-6.882460E-5
-1.178292E+2	3.125597E-1	-6.692858E-5
-1.184781E+2	3.126410E-1	-6.675183E-5
-1.178292E+2	3.127762E-1	-6.591629E-5
-1.165314E+2	3.129163E-1	-6.444875E-5
-1.158825E+2	3.130220E-1	-6.277768E-5
-1.201004E+2	3.131057E-1	-5.562742E-5
-1.334031E+2	3.131712E-1	-5.454550E-5
-1.226960E+2	3.132410E-1	-5.346359E-5
-1.204248E+2	3.132953E-1	-5.313688E-5
-1.220471E+2	3.133171E-1	-5.360820E-5
-1.272384E+2	3.119257E-1	-4.677930E-5
-1.269140E+2	3.121415E-1	-4.680073E-5
-1.051754E+2	3.123455E-1	-4.807010E-5
-1.275629E+2	3.125316E-1	-5.028748E-5
-1.272384E+2	3.126819E-1	-5.320115E-5
-1.340520E+2	3.128140E-1	-5.237097E-5
-1.311319E+2	3.128651E-1	-5.267626E-5
-1.327542E+2	3.129120E-1	-5.271375E-5
-1.340520E+2	3.129306E-1	-5.231741E-5
-1.217227E+2	3.129076E-1	-5.154614E-5
-1.379455E+2	3.123706E-1	-4.999290E-5
-1.369721E+2	3.124131E-1	-4.988043E-5
-1.531950E+2	3.125190E-1	-4.939303E-5
-1.379455E+2	3.126405E-1	-4.851465E-5
-1.376210E+2	3.127845E-1	-4.721850E-5
-1.428123E+2	3.135389E-1	-4.533318E-5
-1.411901E+2	3.135018E-1	-4.473331E-5
-1.496259E+2	3.133617E-1	-4.469046E-5
-1.428123E+2	3.131544E-1	-4.342645E-5
-1.246428E+2	3.129212E-1	-3.948979E-5
-1.483281E+2	3.117633E-1	-3.601910E-5
-1.447591E+2	3.117013E-1	-3.539245E-5
-1.480037E+2	3.116655E-1	-3.554777E-5
-1.486526E+2	3.116783E-1	-3.679036E-5
-1.486526E+2	3.117328E-1	-3.851500E-5
-1.424879E+2	3.127790E-1	-3.387670E-5
-1.525460E+2	3.128820E-1	-3.446050E-5
-1.515727E+2	3.130039E-1	-3.524248E-5
-1.655243E+2	3.131345E-1	-3.609944E-5
-1.518971E+2	3.132459E-1	-3.708494E-5
-1.570884E+2	3.126015E-1	-4.597590E-5
-1.580618E+2	3.125881E-1	-4.593306E-5
-1.658488E+2	3.125965E-1	-4.558492E-5
-1.577373E+2	3.126223E-1	-4.484043E-5
-1.648754E+2	3.126536E-1	-4.394062E-5
-1.613064E+2	3.116978E-1	-5.870712E-5
-1.626042E+2	3.116848E-1	-5.809653E-5
-1.629287E+2	3.116787E-1	-5.759842E-5
-1.613064E+2	3.116807E-1	-5.719672E-5
-1.629287E+2	3.117174E-1	-5.672004E-5
-1.655243E+2	3.127221E-1	-4.071631E-5
-1.677955E+2	3.126680E-1	-4.141795E-5
-1.658488E+2	3.125877E-1	-4.259091E-5
-1.655243E+2	3.124791E-1	-4.406917E-5
-1.655243E+2	3.123534E-1	-4.601875E-5
-1.823960E+2	3.117842E-1	-5.069454E-5
-1.716890E+2	3.117495E-1	-5.095163E-5
-1.723379E+2	3.116993E-1	-5.101054E-5
-1.655243E+2	3.116273E-1	-5.092485E-5
-1.729868E+2	3.115060E-1	-5.091949E-5
-1.778537E+2	3.115234E-1	-4.550458E-5
-1.762314E+2	3.115252E-1	-4.511359E-5
-1.762314E+2	3.115108E-1	-4.485114E-5
-1.775292E+2	3.114885E-1	-4.502789E-5
-1.775292E+2	3.114739E-1	-4.575631E-5
-1.908319E+2	3.128964E-1	-4.602946E-5
-1.801248E+2	3.128615E-1	-4.738453E-5
-1.820716E+2	3.127757E-1	-4.883065E-5
-1.823960E+2	3.126796E-1	-4.926984E-5
-1.810982E+2	3.125726E-1	-4.894313E-5
-1.859651E+2	3.098412E-1	-4.911988E-5
-1.862895E+2	3.100658E-1	-4.936625E-5
-1.836939E+2	3.103186E-1	-4.903954E-5
-1.846672E+2	3.105523E-1	-4.803261E-5
-1.869384E+2	3.108646E-1	-4.591163E-5
-1.895341E+2	3.121975E-1	-3.987542E-5
-1.908319E+2	3.121695E-1	-3.898097E-5
-1.921297E+2	3.121051E-1	-3.818828E-5
-1.898585E+2	3.120383E-1	-3.771160E-5
-1.898585E+2	3.119783E-1	-3.744915E-5
-1.950498E+2	3.124604E-1	-3.479258E-5
-1.960232E+2	3.123823E-1	-3.489970E-5
-1.960232E+2	3.122976E-1	-3.485685E-5
-1.956988E+2	3.121985E-1	-3.492648E-5
-1.944009E+2	3.120956E-1	-3.527462E-5
-1.999167E+2	3.107741E-1	-4.124120E-5
-1.986189E+2	3.107728E-1	-4.189463E-5
-1.999167E+2	3.107981E-1	-4.402096E-5
-1.992678E+2	3.108519E-1	-4.802190E-5
-1.989433E+2	3.109645E-1	-5.372068E-5
-2.054325E+2	3.117039E-1	-4.628655E-5
-1.986189E+2	3.117406E-1	-4.575095E-5
-2.057569E+2	3.117908E-1	-4.488328E-5
-2.070547E+2	3.118736E-1	-4.387100E-5
-2.047835E+2	3.119872E-1	-4.291227E-5
-2.015390E+2	3.118941E-1	-3.856320E-5
-2.096504E+2	3.121141E-1	-3.864890E-5
-2.138683E+2	3.123001E-1	-3.887385E-5
-2.096504E+2	3.123777E-1	-3.908273E-5
-2.106238E+2	3.123808E-1	-3.938267E-5
-2.145172E+2	3.129138E-1	-2.770123E-5
-2.151661E+2	3.129242E-1	-2.736916E-5
-2.102993E+2	3.128941E-1	-2.728882E-5
-2.145172E+2	3.128162E-1	-2.762625E-5
-2.141928E+2	3.127005E-1	-2.833324E-5
-2.167884E+2	3.140251E-1	-9.742564E-6
-2.167884E+2	3.141487E-1	-8.258952E-6
-2.187352E+2	3.142850E-1	-6.759272E-6
-2.197085E+2	3.144512E-1	-5.704140E-6
-2.310645E+2	3.145680E-1	-4.900740E-6
-2.245754E+2	3.139278E-1	-5.757700E-6
-2.229531E+2	3.138550E-1	-3.176108E-6
-2.226286E+2	3.137038E-1	-1.542528E-6
-2.229531E+2	3.135464E-1	-1.847820E-6
-2.210064E+2	3.133731E-1	-3.615300E-6
-2.304156E+2	3.126760E-1	-2.719777E-5
-2.323623E+2	3.125073E-1	-2.707458E-5
-2.284689E+2	3.123208E-1	-2.694068E-5
-2.310645E+2	3.121459E-1	-2.682820E-5
-2.291178E+2	3.119700E-1	-2.659790E-5
-2.300911E+2	3.117080E-1	-2.978472E-5
-2.330113E+2	3.117046E-1	-2.961332E-5
-2.320379E+2	3.116983E-1	-2.951692E-5
-2.330113E+2	3.116696E-1	-2.955976E-5
-2.326868E+2	3.116204E-1	-2.985970E-5
-2.375536E+2	3.120623E-1	-2.721384E-5
-2.378781E+2	3.122095E-1	-2.604623E-5
-2.625368E+2	3.123262E-1	-2.514106E-5
-2.372292E+2	3.124223E-1	-2.455726E-5
-2.433939E+2	3.124719E-1	-2.433766E-5
-2.417716E+2	3.131282E-1	-2.137580E-5
-2.446917E+2	3.134799E-1	-1.964581E-5
-2.395004E+2	3.137184E-1	-1.863888E-5
-2.427449E+2	3.138293E-1	-1.836572E-5
-2.437183E+2	3.137933E-1	-1.856925E-5
-2.472873E+2	3.121066E-1	-1.715527E-5
-2.479363E+2	3.120952E-1	-1.695174E-5
-2.479363E+2	3.121131E-1	-1.666252E-5
-2.469629E+2	3.121657E-1	-1.637865E-5
-2.544254E+2	3.122983E-1	-1.610549E-5
-2.531276E+2	3.130236E-1	-1.030494E-5
-2.524786E+2	3.129782E-1	-1.069058E-5
-2.534520E+2	3.128878E-1	-1.127438E-5
-2.531276E+2	3.127470E-1	-1.181534E-5
-2.550743E+2	3.125679E-1	-1.227060E-5
-2.576699E+2	3.114285E-1	-9.405136E-6
-2.566966E+2	3.113280E-1	-1.422018E-5
-2.687015E+2	3.111808E-1	-1.948513E-5
-2.579944E+2	3.109327E-1	-2.304687E-5
-2.570210E+2	3.106082E-1	-2.551598E-5
-2.641591E+2	3.124504E-1	-1.418269E-5
-2.618879E+2	3.124550E-1	-1.425767E-5
-2.615634E+2	3.125238E-1	-1.385062E-5
-2.618879E+2	3.126237E-1	-1.319718E-5
-2.622123E+2	3.127188E-1	-1.261874E-5
-2.644835E+2	3.131285E-1	-1.118333E-5
-2.657814E+2	3.131244E-1	-1.037457E-5
-2.706482E+2	3.131557E-1	-9.378356E-6
-2.651324E+2	3.132308E-1	-8.034000E-6
-2.654569E+2	3.133138E-1	-7.235956E-6
-2.680526E+2	3.126465E-1	-5.896956E-6
-2.709727E+2	3.125959E-1	-5.527392E-6
-2.703237E+2	3.125056E-1	-4.665076E-6
-2.758395E+2	3.123128E-1	-4.097340E-6
-2.674036E+2	3.120124E-1	-4.354428E-6
-2.771373E+2	3.119174E-1	-1.108692E-6
-2.755150E+2	3.118825E-1	-8.355360E-7
-2.751906E+2	3.118731E-1	-5.570240E-7
-2.758395E+2	3.118787E-1	-4.552600E-7
-2.758395E+2	3.118632E-1	-3.695640E-7
-2.748661E+2	3.125091E-1	-1.938872E-6
-2.807064E+2	3.124217E-1	-2.565524E-6
-3.017960E+2	3.122942E-1	-2.919020E-6
-2.797330E+2	3.121470E-1	-3.026140E-6
-2.790841E+2	3.120303E-1	-3.160040E-6
-2.849243E+2	3.113636E-1	-4.504396E-6
-2.868710E+2	3.114186E-1	-4.290156E-6
-2.625368E+2	3.114866E-1	-3.775980E-6
-2.833020E+2	3.115598E-1	-3.138616E-6
-2.936846E+2	3.116224E-1	-2.576236E-6
-2.884933E+2	3.124894E-1	-3.320720E-7
-2.862221E+2	3.125187E-1	-7.873320E-7
-2.891422E+2	3.125198E-1	-1.563952E-6
-2.888178E+2	3.125050E-1	-2.479828E-6
-2.888178E+2	3.124750E-1	-3.551028E-6
-2.940091E+2	3.118787E-1	-6.325436E-6
-2.940091E+2	3.117279E-1	-7.139548E-6
-2.956313E+2	3.116290E-1	-7.471620E-6
-2.949824E+2	3.116607E-1	-7.337720E-6
-2.956313E+2	3.118144E-1	-7.037784E-6
-2.992004E+2	3.115951E-1	-1.638936E-6
-3.011471E+2	3.116343E-1	-1.322932E-6
-2.972536E+2	3.117249E-1	-7.498400E-7
-2.962803E+2	3.118652E-1	-1.821040E-7
-2.985515E+2	3.120719E-1	2.570880E-7
-3.050406E+2	3.124429E-1	6.802120E-7
-3.053650E+2	3.126037E-1	1.162252E-6
-3.069873E+2	3.127649E-1	1.365780E-6
-3.053650E+2	3.129323E-1	1.349712E-6
-3.047161E+2	3.130633E-1	1.242592E-6
-3.066629E+2	3.123195E-1	7.460908E-6
-3.245080E+2	3.124236E-1	1.242592E-5
-3.076362E+2	3.125491E-1	1.712849E-5
-3.073118E+2	3.126872E-1	2.043850E-5
-3.069873E+2	3.127972E-1	2.147756E-5
-3.121786E+2	3.126286E-1	3.481400E-7
-3.089341E+2	3.125109E-1	1.231880E-6
-3.131520E+2	3.123516E-1	2.404844E-6
-3.121786E+2	3.121824E-1	3.047564E-6
-3.121786E+2	3.120163E-1	2.908308E-6
-3.163966E+2	3.121732E-1	5.730920E-6
-3.144498E+2	3.122125E-1	6.609304E-6
-3.147743E+2	3.122537E-1	7.171684E-6
-3.154232E+2	3.121560E-1	3.995576E-6
-3.180188E+2	3.120339E-1	3.626012E-6
-3.206145E+2	3.124418E-1	1.527531E-5
-3.202900E+2	3.124811E-1	1.527531E-5
-3.209389E+2	3.125239E-1	1.522175E-5
-3.170455E+2	3.125489E-1	1.500751E-5
-3.212634E+2	3.125614E-1	1.461652E-5
-3.300237E+2	3.126518E-1	7.562672E-6
-3.261302E+2	3.126244E-1	6.941376E-6
-3.267792E+2	3.125904E-1	6.368284E-6
-3.267792E+2	3.125422E-1	5.763056E-6
-3.248324E+2	3.124869E-1	5.125692E-6
-3.374862E+2	3.127962E-1	3.893812E-6
-3.296993E+2	3.128564E-1	3.652792E-6
-3.300237E+2	3.129074E-1	3.342144E-6
-3.361884E+2	3.129499E-1	3.133260E-6
-3.300237E+2	3.129840E-1	3.149328E-6
-3.342417E+2	3.121695E-1	1.193317E-5
-3.326194E+2	3.121021E-1	1.212598E-5
-3.342417E+2	3.120066E-1	1.252768E-5
-3.332683E+2	3.119088E-1	1.362566E-5
-3.556558E+2	3.117951E-1	1.608407E-5
-3.355395E+2	3.117419E-1	1.431659E-5
-3.621449E+2	3.118899E-1	1.595552E-5
-3.352150E+2	3.120276E-1	1.668394E-5
-3.358639E+2	3.121176E-1	1.636794E-5
-3.358639E+2	3.121609E-1	1.510928E-5
-3.391085E+2	3.139952E-1	1.536101E-5
-3.394330E+2	3.140220E-1	1.539850E-5
-3.640916E+2	3.140176E-1	1.584840E-5
-3.374862E+2	3.139832E-1	1.646434E-5
-3.374862E+2	3.139152E-1	1.707493E-5
-3.426775E+2	3.126784E-1	1.511999E-5
-3.387840E+2	3.126406E-1	1.492717E-5
-3.446243E+2	3.125690E-1	1.362566E-5
-3.442998E+2	3.124763E-1	1.163323E-5
-3.329438E+2	3.123440E-1	9.115912E-6
-3.465710E+2	3.110363E-1	3.052920E-6
-3.462465E+2	3.110930E-1	1.515748E-6
-3.455976E+2	3.111906E-1	2.999360E-7
-3.452732E+2	3.112973E-1	4.445480E-7
-3.472199E+2	3.114386E-1	2.115620E-6
-3.455976E+2	3.112961E-1	-4.075916E-6
-3.468955E+2	3.113814E-1	-4.290156E-6
-3.569536E+2	3.114731E-1	-3.834896E-6
-3.452732E+2	3.115369E-1	-2.763696E-6
-3.507889E+2	3.115922E-1	-1.226524E-6
-3.498156E+2	3.119749E-1	-4.659720E-7
-3.478688E+2	3.119131E-1	2.678000E-8
-3.511134E+2	3.118805E-1	1.215812E-6
-3.423531E+2	3.118886E-1	2.752984E-6
-3.498156E+2	3.119129E-1	4.284800E-6
-3.550069E+2	3.109676E-1	1.788904E-6
-3.527357E+2	3.112807E-1	3.840252E-6
-3.589003E+2	3.116572E-1	6.223672E-6
-3.524112E+2	3.120815E-1	8.649940E-6
-3.624694E+2	3.124951E-1	1.075485E-5
-3.566291E+2	3.109300E-1	2.945800E-7
-3.553313E+2	3.110178E-1	3.534960E-7
-3.553313E+2	3.111441E-1	5.248880E-7
-3.556558E+2	3.112922E-1	1.087268E-6
-3.809634E+2	3.114595E-1	2.313792E-6
-3.592248E+2	3.109389E-1	9.201608E-6
-3.592248E+2	3.110428E-1	8.901672E-6
-3.585759E+2	3.112231E-1	8.130408E-6
-3.611715E+2	3.114065E-1	7.359144E-6
-3.598737E+2	3.115983E-1	6.695000E-6
-3.611715E+2	3.117466E-1	9.651512E-6
-3.595493E+2	3.118274E-1	1.085661E-5
-3.582514E+2	3.119265E-1	1.176713E-5
-3.595493E+2	3.120419E-1	1.231880E-5
-3.702563E+2	3.121725E-1	1.254911E-5
-3.627938E+2	3.124870E-1	1.682320E-5
-3.660384E+2	3.123462E-1	1.455225E-5
-3.624694E+2	3.121739E-1	1.218490E-5
-3.614960E+2	3.120535E-1	1.087804E-5
-3.611715E+2	3.119400E-1	9.881820E-6
-3.647406E+2	3.127548E-1	1.697316E-5
-3.647406E+2	3.125762E-1	1.656075E-5
-3.660384E+2	3.123836E-1	1.533423E-5
-3.670118E+2	3.121854E-1	1.343285E-5
-3.692829E+2	3.120200E-1	1.173500E-5
-3.640916E+2	3.125298E-1	1.154754E-5
-3.589003E+2	3.124272E-1	1.034244E-5
-3.637672E+2	3.123065E-1	8.499972E-6
-3.653895E+2	3.122033E-1	7.053852E-6
-3.644161E+2	3.120823E-1	5.666648E-6
-3.563047E+2	3.124712E-1	2.114549E-5
-3.653895E+2	3.125502E-1	2.199709E-5
-3.653895E+2	3.126793E-1	2.332002E-5
-3.647406E+2	3.129684E-1	2.909379E-5
-3.650650E+2	3.127533E-1	1.685533E-5
-3.686340E+2	3.118770E-1	3.950586E-5
-3.686340E+2	3.119068E-1	4.075916E-5
-3.589003E+2	3.119334E-1	4.232847E-5
-3.679851E+2	3.119515E-1	4.318543E-5
-3.728520E+2	3.119428E-1	4.353357E-5
-3.673362E+2	3.111780E-1	3.210922E-5
-3.449487E+2	3.112996E-1	3.194318E-5
-3.689585E+2	3.114985E-1	3.256448E-5
-3.556558E+2	3.117175E-1	3.389277E-5
-3.673362E+2	3.119009E-1	3.536031E-5
-3.640916E+2	3.124464E-1	3.391955E-5
-3.689585E+2	3.123638E-1	3.261804E-5
-3.686340E+2	3.122661E-1	3.051849E-5
-3.686340E+2	3.121665E-1	2.866531E-5
-3.601982E+2	3.120989E-1	2.764232E-5