-7.13400000E-06
00000000.195
-1.53490000E-05
00000000.237
-4.10800000E-06
00000000.302
-2.20510000E-05
00000000.402
+5.50200000E-05
00000000.502
+1.54467000E-04
00000000.602
+3.59846000E-04
00000000.702
+6.95803000E-04
00000000.814
+1.12342500E-03
00000000.931
+1.68162400E-03
00000001.047
+1.94937400E-03
00000001.102
+2.57318900E-03
00000001.218
+3.19202900E-03
00000001.335
+3.54960500E-03
00000001.402
+4.16725600E-03
00000001.519
+4.71248600E-03
00000001.636
+4.99753100E-03
00000001.702
+5.45974400E-03
00000001.818
+5.83537200E-03
00000001.937
+6.00216100E-03
00000002.002
+6.18354400E-03
00000002.119
+6.27596400E-03
00000002.238
+6.27196500E-03
00000002.302
+6.16981600E-03
00000002.417
+5.99481100E-03
00000002.537
+5.86001700E-03
00000002.602
+5.55670400E-03
00000002.718
+5.20464000E-03
00000002.837
+4.99655800E-03
00000002.902
+4.61401200E-03
00000003.019
+4.19103700E-03
00000003.138
+3.96349800E-03
00000003.202
+3.58073600E-03
00000003.318
+3.18543500E-03
00000003.437
+2.97054400E-03
00000003.502
+2.63512700E-03
00000003.619
+2.30479000E-03
00000003.734
+2.13194700E-03
00000003.802
+1.84182000E-03
00000003.918
+1.60358000E-03
00000004.033
+1.36004300E-03
00000004.152
+1.26394800E-03
00000004.202
+1.08483500E-03
00000004.318
+9.01939000E-04
00000004.435
+8.16113000E-04
00000004.502
+6.82508000E-04
00000004.619
+5.65658000E-04
00000004.734
+4.60050000E-04
00000004.853
+4.34539000E-04
00000004.902
+3.43200000E-04
00000005.019
+2.80721000E-04
00000005.134
+2.22999000E-04
00000005.250
+1.94354000E-04
00000005.302
+1.48954000E-04
00000005.419
+1.23119000E-04
00000005.535
+8.00980000E-05
00000005.650
+6.95050000E-05
00000005.702
+5.90200000E-05
00000005.820
+2.68070000E-05
00000005.935
+2.60510000E-05
00000006.050
+1.45930000E-05
00000006.102
-1.15660000E-05
00000006.220
+3.13500000E-06
00000006.336
-2.37800000E-06
00000006.402
-2.03220000E-05
00000006.520
-1.79440000E-05
00000006.636
-1.75110000E-05
00000006.702
-3.13470000E-05
00000006.819
-3.52390000E-05
00000006.935
-2.82130000E-05
00000007.050
-3.94540000E-05
00000007.102
-3.85900000E-05
00000007.219
-2.41050000E-05
00000007.335
-3.28610000E-05
00000007.402
-4.69130000E-05
00000007.520
-3.75090000E-05
00000007.636
-3.89140000E-05
00000007.702
-6.32350000E-05
00000007.818
-4.74530000E-05
00000007.936
-4.45350000E-05
00000008.002
-4.93990000E-05
00000008.119
-6.03170000E-05
00000008.237
-6.41000000E-05
00000008.302
-4.87510000E-05
00000008.418
-6.68020000E-05
00000008.533
-5.63170000E-05
00000008.651
-5.44800000E-05
00000008.702
-6.88560000E-05
00000008.818
-5.46960000E-05
00000008.934
-7.10180000E-05
00000009.051
-7.35040000E-05
00000009.102
-6.25870000E-05
00000009.218
-7.66390000E-05
00000009.334
-6.47490000E-05
00000009.452
-6.10730000E-05
00000009.502
-7.58820000E-05
00000009.619
-6.48570000E-05
00000009.734
-6.92880000E-05
00000009.850
-7.70710000E-05
00000009.902
-8.11790000E-05
00000010.021
-6.73430000E-05
00000010.136
-9.13400000E-05
00000010.202
-7.58820000E-05
00000010.318
-6.80990000E-05
00000010.435
-8.18270000E-05
00000010.551
-9.64200000E-05
00000010.602
-6.89640000E-05
00000010.718
-8.32330000E-05
00000010.838
-8.37730000E-05
00000010.902
-8.07460000E-05
00000011.019
-7.81520000E-05
00000011.136
-8.28000000E-05
00000011.202
-7.05860000E-05
00000011.318
-8.23680000E-05
00000011.433
-8.40970000E-05
00000011.550
-6.77750000E-05
00000011.602
-7.85850000E-05
00000011.718
-8.20440000E-05
00000011.834
-7.17750000E-05
00000011.951
-8.08550000E-05
00000012.002
-8.24760000E-05
00000012.119
-7.14500000E-05
00000012.234
-7.14500000E-05
00000012.302
-8.45300000E-05
00000012.418
-7.17750000E-05
00000012.533
-7.73960000E-05
00000012.652
-8.72320000E-05
00000012.702
-7.63150000E-05
00000012.818
-8.88540000E-05
00000012.933
-7.67470000E-05
00000013.048
-8.61510000E-05
00000013.102
-8.11790000E-05
00000013.220
-8.39890000E-05
00000013.336
-7.79360000E-05
00000013.402
-7.66390000E-05
00000013.519
-9.17720000E-05
00000013.634
-7.46930000E-05
00000013.750
-8.49620000E-05
00000013.802
-8.91780000E-05
00000013.920
-7.77200000E-05
00000014.037
-7.67470000E-05
00000014.102
-8.15030000E-05
00000014.219
-7.63150000E-05
00000014.336
-7.77200000E-05
00000014.402
-8.28000000E-05
00000014.520
-8.95020000E-05
00000014.636
-9.78250000E-05
00000014.702
-7.52340000E-05
00000014.819
-9.01510000E-05
00000014.936
-9.16640000E-05
00000015.002
-7.78280000E-05
00000015.119
-8.78810000E-05
00000015.237
-8.83130000E-05
00000015.302
-7.91250000E-05
00000015.418
-9.14480000E-05
00000015.534
-9.26370000E-05
00000015.651
-7.89090000E-05
00000015.702
-8.17190000E-05
00000015.818
-8.32330000E-05
00000015.933
-8.35570000E-05
00000016.049
-9.09070000E-05
00000016.102
-9.12320000E-05
00000016.218
-6.99370000E-05
00000016.334
-9.29610000E-05
00000016.452
-8.87450000E-05
00000016.502
-7.97740000E-05
00000016.621
-9.17720000E-05
00000016.736
-1.01284000E-04
00000016.802
-8.57190000E-05
00000016.922
-8.47460000E-05
00000017.037
-9.25290000E-05
00000017.102
-8.11790000E-05
00000017.218
-9.24210000E-05
00000017.336
-8.06380000E-05
00000017.402
-9.17720000E-05
00000017.519
-8.04220000E-05
00000017.637
-7.88010000E-05
00000017.702
-9.16640000E-05
00000017.818
-8.50700000E-05
00000017.937
-7.81520000E-05
00000018.002
-8.90700000E-05
00000018.119
-9.19880000E-05
00000018.236
-9.00430000E-05
00000018.302
-9.32850000E-05
00000018.418
-9.01510000E-05
00000018.537
-9.33940000E-05
00000018.602
-8.08550000E-05
00000018.719
-7.96660000E-05
00000018.838
-9.35020000E-05
00000018.902
-7.90170000E-05
00000019.017
-8.02060000E-05
00000019.137
-8.45300000E-05
00000019.202
-9.24210000E-05
00000019.318
-8.08550000E-05
00000019.433
-9.12320000E-05
00000019.551
-9.25290000E-05
00000019.602
-7.97740000E-05
00000019.719
-9.26370000E-05
00000019.834
-8.63670000E-05
00000019.953
-8.62590000E-05
00000020.002
-9.00430000E-05
00000020.119
-7.88010000E-05
00000020.234
-7.84770000E-05
00000020.302
-9.18800000E-05
00000020.418
-9.24210000E-05
00000020.533
-7.70710000E-05
00000020.652
-9.28530000E-05
00000020.702
-8.20440000E-05
00000020.818
-9.31770000E-05
00000020.933
-1.00528000E-04
00000021.049
-7.28560000E-05
00000021.102
-7.85850000E-05
00000021.221
-9.23130000E-05
00000021.336
-9.41500000E-05
00000021.402
-7.98820000E-05
00000021.519
-8.85290000E-05
00000021.635
-8.04220000E-05
00000021.750
-8.12870000E-05
00000021.802
-9.44740000E-05
00000021.920
-8.24760000E-05
00000022.035
-1.04419000E-04
00000022.150
-9.16640000E-05
00000022.202
-8.30160000E-05
00000022.319
-9.10150000E-05
00000022.436
-9.63120000E-05
00000022.502
-9.38260000E-05
00000022.620
-8.36650000E-05
00000022.737
-8.49620000E-05
00000022.802
-1.04635000E-04
00000022.918
-8.16110000E-05
00000023.034
-9.69610000E-05
00000023.151
-9.63120000E-05
00000023.202
-9.13400000E-05
00000023.318
-9.32850000E-05
00000023.434
-8.28000000E-05
00000023.551
-8.24760000E-05
00000023.602
-1.04527000E-04
00000023.719
-8.26920000E-05
00000023.835
-9.01510000E-05
00000023.952
-9.60960000E-05
00000024.002
-8.30160000E-05
00000024.119
-1.01825000E-04
00000024.234
-8.18270000E-05
00000024.350
-8.20440000E-05
00000024.402
-8.22600000E-05
00000024.521
-1.04743000E-04
00000024.637
-7.85850000E-05
00000024.702
-8.65840000E-05
00000024.818
-9.55550000E-05
00000024.935
-9.56640000E-05
00000025.002
-7.80440000E-05
00000025.119
-9.52310000E-05
00000025.236
-9.60960000E-05
00000025.302
-8.36650000E-05
00000025.418
-8.04220000E-05
00000025.537
-9.40420000E-05
00000025.602
-9.69610000E-05
00000025.719
-9.27450000E-05
00000025.838
-7.68550000E-05
00000025.902
-9.72850000E-05
00000026.018
-8.72320000E-05
00000026.137
-8.31250000E-05
00000026.202
-9.59880000E-05
00000026.318
-9.22050000E-05
00000026.437
-8.61510000E-05
00000026.502
-8.13950000E-05
00000026.619
-9.56640000E-05
00000026.738
-9.49070000E-05
00000026.802
-8.08550000E-05
00000026.918
-8.98260000E-05
00000027.037
-9.53390000E-05
00000027.102
-8.29080000E-05
00000027.219
-9.54470000E-05
00000027.334
-1.05176000E-04
00000027.402
-9.10150000E-05
00000027.518
-8.95020000E-05
00000027.633
-9.70690000E-05
00000027.752
-9.44740000E-05
00000027.802
-9.04750000E-05
00000027.918
-9.49070000E-05
00000028.033
-8.53950000E-05
00000028.152
-8.40970000E-05
00000028.202
-9.91230000E-05
00000028.318
-8.57190000E-05
00000028.434
-9.26370000E-05
00000028.549
-9.46910000E-05
00000028.602
-8.38810000E-05
00000028.719
-9.51230000E-05
00000028.834
-8.33410000E-05
00000028.949
-8.50700000E-05
00000029.002
-1.06149000E-04
00000029.119
-8.48540000E-05
00000029.234
-9.70690000E-05
00000029.350
-9.49070000E-05
00000029.402
-7.96660000E-05
00000029.519
-8.10710000E-05
00000029.637
-9.64200000E-05
00000029.702
-8.92860000E-05
00000029.819
-8.24760000E-05
00000029.936
-8.37730000E-05
00000030.002
-1.01933000E-04
00000030.120
-8.37730000E-05
00000030.236
-8.57190000E-05
00000030.302
-9.87980000E-05
00000030.418
-8.63670000E-05
00000030.534
-8.88540000E-05
00000030.650
-9.42580000E-05
00000030.702
-8.61510000E-05
00000030.819
-8.38810000E-05
00000030.936
-9.91230000E-05
00000031.002
-9.69610000E-05
00000031.119
-8.50700000E-05
00000031.235
-9.54470000E-05
00000031.352
-1.04095000E-04
00000031.402
-7.99900000E-05
00000031.518
-9.51230000E-05
00000031.633
-8.35570000E-05
00000031.751
-9.01510000E-05
00000031.802
-9.45830000E-05
00000031.920
-8.31250000E-05
00000032.036
-8.52860000E-05
00000032.102
-1.10364000E-04
00000032.219
-8.21520000E-05
00000032.334
-9.17720000E-05
00000032.450
-9.43660000E-05
00000032.502
-9.47990000E-05
00000032.621
-9.67440000E-05
00000032.736
-8.38810000E-05
00000032.802
-9.76090000E-05
00000032.918
-8.33410000E-05
00000033.035
-1.06257000E-04
00000033.151
-9.33940000E-05
00000033.202
-8.34490000E-05
00000033.318
-9.72850000E-05
00000033.436
-9.60960000E-05
00000033.502
-8.10710000E-05
00000033.619
-8.72320000E-05
00000033.736
-9.69610000E-05
00000033.802
-8.85290000E-05
00000033.918
-8.19360000E-05
00000034.037
-8.50700000E-05
00000034.102
-9.77170000E-05
00000034.219
-1.06365000E-04
00000034.338
-8.15030000E-05
00000034.402
-9.83660000E-05
00000034.518
-9.95550000E-05
00000034.637
-8.73400000E-05
00000034.702
-9.38260000E-05
00000034.818
-9.24210000E-05
00000034.934
-8.64750000E-05
00000035.051
-9.52310000E-05
00000035.102
-9.80420000E-05
00000035.219
-8.57190000E-05
00000035.334
-8.63670000E-05
00000035.402
-9.85820000E-05
00000035.518
-8.57190000E-05
00000035.633
-9.35020000E-05
00000035.752
-9.79340000E-05
00000035.802
-9.09070000E-05
00000035.918
-9.60960000E-05
00000036.033
-8.32330000E-05
00000036.149
-8.51780000E-05
00000036.202
-9.19880000E-05
00000036.320
-1.01501000E-04
00000036.436
-8.30160000E-05
00000036.502
-8.39890000E-05
00000036.619
-9.81500000E-05
00000036.735
-8.46380000E-05
00000036.850
-9.17720000E-05
00000036.902
-8.69080000E-05
00000037.020
-8.40970000E-05
00000037.137
-8.47460000E-05
00000037.202
-9.79340000E-05
00000037.319
-8.59350000E-05
00000037.436
-8.76650000E-05
00000037.502
-9.26370000E-05
00000037.620
-9.72850000E-05
00000037.736
-9.39340000E-05
00000037.802
-8.66920000E-05
00000037.919
-1.00420000E-04
00000038.036
-9.95550000E-05
00000038.102
-8.63670000E-05
00000038.219
-1.09500000E-04
00000038.337
-9.28530000E-05
00000038.402
-8.43140000E-05
00000038.518
-9.69610000E-05
00000038.634
-9.81500000E-05
00000038.751
-8.62590000E-05
00000038.802
-9.83660000E-05
00000038.918
-9.39340000E-05
00000039.034
-7.98820000E-05
00000039.151
-9.42580000E-05
00000039.202
-9.56640000E-05
00000039.319
-8.56110000E-05
00000039.434
-9.65280000E-05
00000039.550
-9.29610000E-05
00000039.602
-8.57190000E-05
00000039.721
-9.77170000E-05
00000039.836
-9.60960000E-05
00000039.902
-8.34490000E-05
00000040.018
-1.11445000E-04
00000040.135
-8.25840000E-05
00000040.250
-8.40970000E-05
00000040.302
-9.64200000E-05
00000040.418
-9.54470000E-05
00000040.537
-8.49620000E-05
00000040.602
-8.95020000E-05
00000040.719
-9.73930000E-05
00000040.836
-9.67440000E-05
00000040.902
-8.33410000E-05
00000041.018
-9.76090000E-05
00000041.133
-7.52340000E-05
00000041.250
-7.96660000E-05
00000041.302
-9.63120000E-05
00000041.418
-8.32330000E-05
00000041.533
-8.90700000E-05
00000041.653
-9.76090000E-05
00000041.702
-8.46380000E-05
00000041.819
-8.76650000E-05
00000041.934
-9.45830000E-05
00000042.002
-8.38810000E-05
00000042.117
-9.50150000E-05
00000042.233
-8.29080000E-05
00000042.348
-8.40970000E-05
00000042.402
-8.19360000E-05
00000042.520
-8.97180000E-05
00000042.635
-8.25840000E-05
00000042.752
-9.04750000E-05
00000042.802
-9.37180000E-05
00000042.920
-8.06380000E-05
00000043.035
-9.38260000E-05
00000043.151
-9.31770000E-05
00000043.202
-8.90700000E-05
00000043.319
-9.49070000E-05
00000043.436
-9.53390000E-05
00000043.502
-8.40970000E-05
00000043.618
-9.06910000E-05
00000043.737
-9.56640000E-05
00000043.802
-8.88540000E-05
00000043.919
-9.17720000E-05
00000044.035
-8.40970000E-05
00000044.102
-9.62040000E-05
00000044.220
-8.38810000E-05
00000044.337
-8.36650000E-05
00000044.402
-9.57720000E-05
00000044.518
-8.63670000E-05
00000044.636
-9.72850000E-05
00000044.702
-9.24210000E-05
00000044.819
-9.70690000E-05
00000044.935
-8.43140000E-05
00000045.052
-9.52310000E-05
00000045.102
-9.66360000E-05
00000045.219
-8.25840000E-05
00000045.335
-1.11229000E-04
00000045.452
-8.24760000E-05
00000045.502
-8.44220000E-05
00000045.621
-9.54470000E-05
00000045.737
-9.68530000E-05
00000045.802
-8.07460000E-05
00000045.920
-9.68530000E-05
00000046.035
-9.64200000E-05
00000046.102
-8.63670000E-05
00000046.219
-8.07460000E-05
00000046.336
-9.02590000E-05
00000046.402
-9.42580000E-05
00000046.518
-8.34490000E-05
00000046.635
-9.46910000E-05
00000046.750
-9.78250000E-05
00000046.802
-8.47460000E-05
00000046.918
-1.02257000E-04
00000047.037
-9.02590000E-05
00000047.102
-8.45300000E-05
00000047.219
-8.43140000E-05
00000047.338
-9.53390000E-05
00000047.402
-8.32330000E-05
00000047.518
-7.83680000E-05
00000047.637
-8.10710000E-05
00000047.702
-9.45830000E-05
00000047.819
-7.01530000E-05
00000047.934
-9.28530000E-05
00000048.051
-9.56640000E-05
00000048.102
-9.42580000E-05
00000048.219
-9.38260000E-05
00000048.334
-9.43660000E-05
00000048.402
-8.87450000E-05
00000048.518
-9.25290000E-05
00000048.633
-9.51230000E-05
00000048.752
-8.09630000E-05
00000048.802
-8.77730000E-05
00000048.918
-8.12870000E-05
00000049.034
-9.23130000E-05
00000049.149
-9.16640000E-05
00000049.202
-8.89620000E-05
00000049.319
-8.59350000E-05
00000049.434
-9.31770000E-05
00000049.549
-8.52860000E-05
00000049.602
-7.96660000E-05
00000049.719
-9.35020000E-05
00000049.834
-8.09630000E-05
00000049.950
-8.69080000E-05
00000050.002
-9.18800000E-05
00000050.120
-8.23680000E-05
00000050.237
-8.16110000E-05
00000050.302
-9.06910000E-05
00000050.419
-8.20440000E-05
00000050.536
-8.16110000E-05
00000050.602
-7.88010000E-05
00000050.720
-9.39340000E-05
00000050.836
-9.36100000E-05
00000050.902
-7.19910000E-05
00000051.018
-9.35020000E-05
00000051.136
-9.59880000E-05
00000051.202
-9.24210000E-05
00000051.319
-8.60430000E-05
00000051.437
-9.49070000E-05
00000051.502
-8.40970000E-05
00000051.618
-9.65280000E-05
00000051.733
-9.53390000E-05
00000051.851
-8.00980000E-05
00000051.902
-9.33940000E-05
00000052.018
-9.41500000E-05
00000052.134
-8.23680000E-05
00000052.251
-8.97180000E-05
00000052.302
-9.82580000E-05
00000052.418
-8.49620000E-05
00000052.534
-9.66360000E-05
00000052.651
-9.27450000E-05
00000052.702
-8.37730000E-05
00000052.821
-9.65280000E-05
00000052.936
-9.84740000E-05
00000053.002
-8.38810000E-05
00000053.120
-9.70690000E-05
00000053.235
-8.73400000E-05
00000053.351
-8.28000000E-05
00000053.402
-9.29610000E-05
00000053.518
-8.80970000E-05
00000053.635
-9.05830000E-05
00000053.751
-9.73930000E-05
00000053.802
-8.58270000E-05
00000053.918
-8.37730000E-05
00000054.036
-9.15560000E-05
00000054.102
-9.75010000E-05
00000054.219
-8.68000000E-05
00000054.338
-8.35570000E-05
00000054.402
-9.09070000E-05
00000054.518
-9.38260000E-05
00000054.637
-8.43140000E-05
00000054.702
-9.63120000E-05
00000054.819
-8.71240000E-05
00000054.934
-1.01717000E-04
00000055.002
-9.03670000E-05
00000055.118
-9.57720000E-05
00000055.233
-8.38810000E-05
00000055.352
-8.60430000E-05
00000055.402
-1.06689000E-04
00000055.518
-8.29080000E-05
00000055.633
-9.71770000E-05
00000055.751
-9.76090000E-05
00000055.802
-8.46380000E-05
00000055.918
-9.78250000E-05
00000056.034
-8.13950000E-05
00000056.149
-8.26920000E-05
00000056.202
-9.65280000E-05
00000056.319
-8.42060000E-05
00000056.434
-9.58800000E-05
00000056.549
-9.78250000E-05
00000056.602
-8.48540000E-05
00000056.719
-9.51230000E-05
00000056.835
-8.47460000E-05
00000056.950
-8.34490000E-05
00000057.002
-9.49070000E-05
00000057.120
-8.84210000E-05
00000057.235
-9.22050000E-05
00000057.350
-9.81500000E-05
00000057.402
-8.62590000E-05
00000057.519
-8.71240000E-05
00000057.635
-9.89060000E-05
00000057.751
-8.46380000E-05
00000057.802
-8.88540000E-05
00000057.919
-9.71770000E-05
00000058.036
-1.00852000E-04
00000058.102
-7.58820000E-05
00000058.220
-9.66360000E-05
00000058.337
-9.97710000E-05
00000058.402
-8.69080000E-05
00000058.518
-9.84740000E-05
00000058.634
-8.88540000E-05
00000058.751
-8.21520000E-05
00000058.802
-9.60960000E-05
00000058.918
-8.89620000E-05
00000059.035
-8.29080000E-05
00000059.152
-9.80420000E-05
00000059.202
-8.75560000E-05
00000059.319
-8.82050000E-05
00000059.435
-9.80420000E-05
00000059.552
-8.44220000E-05
00000059.602
-8.48540000E-05
00000059.719
-9.33940000E-05
00000059.835
-8.30160000E-05
00000059.952
-9.52310000E-05
00000060.002
-9.26370000E-05
00000060.118
-8.59350000E-05
00000060.235
-9.10150000E-05
00000060.350
-9.28530000E-05
00000060.402
-8.39890000E-05
00000060.518
-9.67440000E-05
00000060.637
-1.13499000E-04
00000060.702
-8.45300000E-05
00000060.819
-8.46380000E-05
00000060.938
-9.89060000E-05
00000061.002
-9.51230000E-05
00000061.118
-8.53950000E-05
00000061.237
-8.87450000E-05
00000061.302
-9.82580000E-05
00000061.419
-7.99900000E-05
00000061.534
-9.85820000E-05
00000061.651
-9.76090000E-05
00000061.702
-8.39890000E-05
00000061.819
-9.04750000E-05
00000061.934
-9.68530000E-05
00000062.002
-8.53950000E-05
00000062.118
-9.79340000E-05
00000062.233
-9.76090000E-05
00000062.352
-8.45300000E-05
00000062.402
-9.39340000E-05
00000062.518
-8.37730000E-05
00000062.633
-9.51230000E-05
00000062.749
-9.93390000E-05
00000062.802
-8.75560000E-05
00000062.919
-9.18800000E-05
00000063.034
-9.12320000E-05
00000063.149
-8.45300000E-05
00000063.202
-8.10710000E-05
00000063.319
-9.55550000E-05
00000063.434
-8.02060000E-05
00000063.549
-9.31770000E-05
00000063.602
-9.47990000E-05
00000063.719
-8.33410000E-05
00000063.835
-9.67440000E-05
00000063.950
-9.62040000E-05
00000064.002
-8.02060000E-05
00000064.118
-9.38260000E-05
00000064.235
-8.24760000E-05
00000064.350
-8.37730000E-05
00000064.402
-9.67440000E-05
00000064.519
-8.30160000E-05
00000064.636
-8.21520000E-05
00000064.702
-9.51230000E-05
00000064.820
-1.11661000E-04
00000064.937
-8.00980000E-05
00000065.002
-8.95020000E-05
00000065.118
-9.27450000E-05
00000065.234
-9.30690000E-05
00000065.351
-8.43140000E-05
00000065.402
-9.75010000E-05
00000065.518
-8.40970000E-05
00000065.634
-1.08851000E-04
00000065.752
-9.05830000E-05
00000065.802
-8.22600000E-05
00000065.919
-9.55550000E-05
00000066.034
-9.41500000E-05
00000066.152
-7.79360000E-05
00000066.202
-9.69610000E-05
00000066.319
-8.45300000E-05
00000066.434
-9.47990000E-05
00000066.552
-9.51230000E-05
00000066.602
-7.66390000E-05
00000066.718
-9.41500000E-05
00000066.835
-8.24760000E-05
00000066.950
-8.26920000E-05
00000067.002
-8.95020000E-05
00000067.118
-9.69610000E-05
00000067.237
-8.24760000E-05
00000067.302
-8.92860000E-05
00000067.419
-9.31770000E-05
00000067.536
-9.54470000E-05
00000067.602
-8.19360000E-05
00000067.718
-9.59880000E-05
00000067.833
-8.10710000E-05
00000067.950
-8.37730000E-05
00000068.002
-9.82580000E-05
00000068.118
-8.56110000E-05
00000068.233
-9.57720000E-05
00000068.350
-9.58800000E-05
00000068.402
-8.37730000E-05
00000068.518
-9.55550000E-05
00000068.634
-9.71770000E-05
00000068.753
-8.80970000E-05
00000068.802
-9.67440000E-05
00000068.919
-8.56110000E-05
00000069.034
-8.57190000E-05
00000069.153
-9.85820000E-05
00000069.202
-8.40970000E-05
00000069.319
-9.46910000E-05
00000069.434
-8.73400000E-05
00000069.550
-8.60430000E-05
00000069.602
-8.79890000E-05
00000069.719
-9.57720000E-05
00000069.835
-8.61510000E-05
00000069.950
-9.67440000E-05
00000070.002
-9.60960000E-05
00000070.120
-8.32330000E-05
00000070.235
-9.66360000E-05
00000070.350
-9.05830000E-05
00000070.402
-8.19360000E-05
00000070.519
-9.70690000E-05
00000070.636
-9.56640000E-05
00000070.702
-8.29080000E-05
00000070.820
-8.62590000E-05
00000070.936
-9.40420000E-05
00000071.002
-8.33410000E-05
00000071.118
-8.45300000E-05
00000071.236
-9.28530000E-05
00000071.302
-1.05284000E-04
00000071.419
-8.23680000E-05
00000071.537
-8.47460000E-05
00000071.602
-9.77170000E-05
00000071.718
-8.55030000E-05
00000071.835
-8.49620000E-05
00000071.902
-9.30690000E-05
00000072.018
-8.40970000E-05
00000072.134
-9.49070000E-05
00000072.249
-9.53390000E-05
00000072.302
-8.92860000E-05
00000072.419
-8.03140000E-05
00000072.535
-9.54470000E-05
00000072.652
-8.46380000E-05
00000072.702
-8.44220000E-05
00000072.819
-9.72850000E-05
00000072.934
-8.91780000E-05
00000073.050
-8.66920000E-05
00000073.102
-9.45830000E-05
00000073.221
-8.26920000E-05
00000073.337
-8.40970000E-05
00000073.402
-9.79340000E-05
00000073.518
-8.51780000E-05
00000073.636
-1.01068000E-04
00000073.702
-9.45830000E-05
00000073.819
-9.94470000E-05
00000073.936
-9.29610000E-05
00000074.002
-8.73400000E-05
00000074.118
-9.96630000E-05
00000074.235
-8.65840000E-05
00000074.350
-9.66360000E-05
00000074.402
-9.71770000E-05
00000074.518
-8.70160000E-05
00000074.638
-8.69080000E-05
00000074.702
-9.84740000E-05
00000074.819
-9.86900000E-05
00000074.938
-8.71240000E-05
00000075.002
-9.76090000E-05
00000075.118
-9.57720000E-05
00000075.237
-9.83660000E-05
00000075.302
-8.48540000E-05
00000075.419
-9.86900000E-05
00000075.534
-9.71770000E-05
00000075.602
-8.38810000E-05
00000075.718
-1.09067000E-04
00000075.833
-9.85820000E-05
00000075.952
-8.72320000E-05
00000076.002
-9.93390000E-05
00000076.118
-8.76650000E-05
00000076.233
-9.15560000E-05
00000076.350
-9.71770000E-05
00000076.402
-9.70690000E-05
00000076.518
-9.57720000E-05
00000076.634
-8.79890000E-05
00000076.749
-8.64750000E-05
00000076.802
-9.17720000E-05
00000076.919
-9.69610000E-05
00000077.034
-8.91780000E-05
00000077.149
-9.55550000E-05
00000077.202
-9.11240000E-05
00000077.319
-8.48540000E-05
00000077.434
-9.69610000E-05
00000077.550
-9.56640000E-05
00000077.602
-8.61510000E-05
00000077.720
-9.83660000E-05
00000077.835
-9.92310000E-05
00000077.950
-7.77200000E-05
00000078.002
-9.70690000E-05
00000078.119
-8.61510000E-05
00000078.237
-8.51780000E-05
00000078.302
-9.73930000E-05
00000078.420
-9.56640000E-05
00000078.536
-8.61510000E-05
00000078.602
-9.22050000E-05
00000078.718
-9.83660000E-05
00000078.835
-9.76090000E-05
00000078.902
-8.56110000E-05
00000079.019
-9.82580000E-05
00000079.136
-9.62040000E-05
00000079.202
-8.51780000E-05
00000079.319
-8.72320000E-05
00000079.435
-9.75010000E-05
00000079.552
-8.55030000E-05
00000079.602
-9.82580000E-05
00000079.718
-7.76120000E-05
00000079.834
-8.43140000E-05
00000079.951
-9.53390000E-05
00000080.002
-9.72850000E-05
00000080.120
-7.51260000E-05
00000080.236
-8.56110000E-05
00000080.302
-9.62040000E-05
00000080.419
-8.29080000E-05
00000080.534
-9.06910000E-05
00000080.650
-9.60960000E-05
00000080.702
-8.56110000E-05
00000080.821
-9.73930000E-05
00000080.936
-1.05608000E-04
00000081.002
-8.24760000E-05
00000081.118
-9.22050000E-05
00000081.235
-9.28530000E-05
00000081.351
-8.59350000E-05
00000081.402
-1.08959000E-04
00000081.519
-9.85820000E-05
00000081.636
-9.31770000E-05
00000081.702
-9.28530000E-05
00000081.817
-9.43660000E-05
00000081.933
-8.51780000E-05
00000082.050
-8.63670000E-05
00000082.102
-9.77170000E-05
00000082.218
-8.29080000E-05
00000082.333
-9.56640000E-05
00000082.452
-9.82580000E-05
00000082.502
-8.49620000E-05
00000082.618
-9.81500000E-05
00000082.733
-9.15560000E-05
00000082.853
-8.48540000E-05
00000082.902
-9.77170000E-05
00000083.019
-8.40970000E-05
00000083.134
-8.31250000E-05
00000083.253
-9.52310000E-05
00000083.302
-8.37730000E-05
00000083.419
-9.59880000E-05
00000083.534
-8.77730000E-05
00000083.649
-8.05300000E-05
00000083.702
-9.59880000E-05
00000083.819
-9.47990000E-05
00000083.935
-9.29610000E-05
00000084.050
-9.42580000E-05
00000084.102
-9.27450000E-05
00000084.220
-8.22600000E-05
00000084.335
-9.62040000E-05
00000084.450
-8.55030000E-05
00000084.502
-7.69630000E-05
00000084.620
-9.75010000E-05
00000084.737
-9.87980000E-05
00000084.802
-9.46910000E-05
00000084.920
-9.65280000E-05
00000085.036
-9.56640000E-05
00000085.102
-9.26370000E-05
00000085.219
-9.45830000E-05
00000085.335
-8.61510000E-05
00000085.450
-8.56110000E-05
00000085.502
-9.77170000E-05
00000085.619
-1.06689000E-04
00000085.736
-8.22600000E-05
00000085.802
-8.49620000E-05
00000085.920
-9.81500000E-05
00000086.037
-9.76090000E-05
00000086.102
-8.02060000E-05
00000086.218
-9.86900000E-05
00000086.334
-8.61510000E-05
00000086.451
-8.58270000E-05
00000086.502
-9.42580000E-05
00000086.618
-8.52860000E-05
00000086.734
-9.58800000E-05
00000086.851
-9.73930000E-05
00000086.902
-8.20440000E-05
00000087.019
-9.84740000E-05
00000087.135
-1.00095000E-04
00000087.252
-8.79890000E-05
00000087.302
-8.42060000E-05
00000087.421
-1.00203000E-04
00000087.536
-9.10150000E-05
00000087.602
-8.68000000E-05
00000087.722
-9.93390000E-05
00000087.837
-8.79890000E-05
00000087.902
-8.36650000E-05
00000088.019
-9.79340000E-05
00000088.136
-9.59880000E-05
00000088.202
-7.63150000E-05
00000088.318
-8.42060000E-05
00000088.437
-9.53390000E-05
00000088.502
-9.51230000E-05
00000088.618
-7.97740000E-05
00000088.736
-8.42060000E-05
00000088.802
-9.76090000E-05
00000088.919
-8.59350000E-05
00000089.036
-7.64230000E-05
00000089.102
-9.78250000E-05
00000089.218
-9.38260000E-05
00000089.335
-9.44740000E-05
00000089.450
-8.65840000E-05
00000089.502
-8.50700000E-05
00000089.618
-8.43140000E-05
00000089.738
-8.89620000E-05
00000089.802
-9.73930000E-05
00000089.919
-8.17190000E-05
00000090.038
-8.59350000E-05
00000090.102
-9.96630000E-05
00000090.218
-9.90140000E-05
00000090.337
-8.65840000E-05
00000090.402
-1.08202000E-04
00000090.519
-9.28530000E-05
00000090.634
-8.65840000E-05
00000090.751
-9.72850000E-05
00000090.802
-9.85820000E-05
00000090.919
-9.70690000E-05
00000091.034
-8.23680000E-05
00000091.102
-9.98790000E-05
00000091.218
-8.63670000E-05
00000091.333
-9.86900000E-05
00000091.450
-9.90140000E-05
00000091.502
-8.20440000E-05
00000091.618
-9.87980000E-05
00000091.734
-8.75560000E-05
00000091.849
-8.84210000E-05
00000091.902
-1.00528000E-04
00000092.019
-8.80970000E-05
00000092.134
-1.00528000E-04
00000092.249
-9.79340000E-05
00000092.302
-8.66920000E-05
00000092.419
-9.79340000E-05
00000092.534
-8.70160000E-05
00000092.650
-8.77730000E-05
00000092.702
-9.49070000E-05
00000092.820
-1.00203000E-04
00000092.937
-9.28530000E-05
00000093.002
-8.52860000E-05
00000093.119
-9.59880000E-05
00000093.236
-9.78250000E-05
00000093.302
-8.50700000E-05
00000093.420
-9.62040000E-05
00000093.536
-9.71770000E-05
00000093.602
-8.70160000E-05
00000093.719
-8.49620000E-05
00000093.837
-9.32850000E-05
00000093.902
-9.83660000E-05
00000094.019
-8.64750000E-05
00000094.137
-8.73400000E-05
00000094.202
-9.68530000E-05
00000094.318
-8.71240000E-05
00000094.436
-8.74480000E-05
00000094.502
-9.96630000E-05
00000094.618
-9.41500000E-05
00000094.734
-8.77730000E-05
00000094.851
-1.12634000E-04
00000094.902
-9.23130000E-05
00000095.019
-8.61510000E-05
00000095.135
-9.77170000E-05
00000095.252
-8.82050000E-05
00000095.302
-8.50700000E-05
00000095.419
-9.97710000E-05
00000095.535
-8.18270000E-05
00000095.653
-9.13400000E-05
00000095.702
-9.84740000E-05
00000095.820
-8.50700000E-05
00000095.935
-9.75010000E-05
00000096.050
-9.77170000E-05
00000096.102
-8.55030000E-05
00000096.222
-9.33940000E-05
00000096.339
-9.07990000E-05
00000096.402
-8.36650000E-05
00000096.519
-8.97180000E-05
00000096.636
-9.72850000E-05
00000096.702
-8.51780000E-05
00000096.818
-8.28000000E-05
00000096.935
-1.02582000E-04
00000097.050
-8.32330000E-05
00000097.102
-8.80970000E-05
00000097.218
-9.71770000E-05
00000097.337
-9.57720000E-05
00000097.402
-8.28000000E-05
00000097.519
-8.62590000E-05
00000097.638
-1.10040000E-04
00000097.702
-8.21520000E-05
00000097.818
-8.32330000E-05
00000097.937
-9.64200000E-05
00000098.002
-9.85820000E-05
00000098.118
-8.74480000E-05
00000098.234
-9.78250000E-05
00000098.353
-9.43660000E-05
00000098.402
-7.71790000E-05
00000098.519
-9.81500000E-05
00000098.634
-8.99350000E-05
00000098.753
-8.57190000E-05
00000098.802
-9.86900000E-05
00000098.919
-7.78280000E-05
00000099.034
-8.48540000E-05
00000099.102
-9.92310000E-05
00000099.218
-8.74480000E-05
00000099.333
-8.58270000E-05
00000099.452
-1.10797000E-04
00000099.502
-8.35570000E-05
00000099.619
-9.63120000E-05
00000099.734
-8.47460000E-05
00000099.849
-8.55030000E-05
00000099.902
-1.02365000E-04
00000100.019
-9.25290000E-05
00000100.134
-9.17720000E-05
00000100.249
-9.70690000E-05
00000100.302
-9.94470000E-05
00000100.419
-8.39890000E-05
00000100.535
-9.18800000E-05
00000100.650
-8.90700000E-05
00000100.702
-8.43140000E-05
00000100.820
-9.76090000E-05
00000100.937
-1.07554000E-04
00000101.002
-8.26920000E-05
00000101.119
-9.65280000E-05
00000101.236
-9.65280000E-05
00000101.302
-8.32330000E-05
00000101.418
-9.30690000E-05
00000101.535
-9.11240000E-05
00000101.650
-8.60430000E-05
00000101.702
-9.50150000E-05
00000101.819
-9.79340000E-05
00000101.935
-8.46380000E-05
00000102.050
-9.80420000E-05
00000102.102
-9.67440000E-05
00000102.219
-8.36650000E-05
00000102.336
-8.50700000E-05
00000102.402
-9.85820000E-05
00000102.520
-8.62590000E-05
00000102.637
-9.85820000E-05
00000102.702
-9.64200000E-05
00000102.818
-8.57190000E-05
00000102.934
-9.77170000E-05
00000103.051
-9.32850000E-05
00000103.102
-8.49620000E-05
00000103.218
-1.04203000E-04
00000103.334
-9.53390000E-05
00000103.451
-8.58270000E-05
00000103.502
-9.51230000E-05
00000103.619
-9.35020000E-05
00000103.734
-8.64750000E-05
00000103.852
-9.84740000E-05
00000103.902
-9.52310000E-05
00000104.021
-8.58270000E-05
00000104.136
-8.72320000E-05
00000104.202
-1.11770000E-04
00000104.320
-8.57190000E-05
00000104.435
-9.99870000E-05
00000104.551
-9.75010000E-05
00000104.602
-8.53950000E-05
00000104.720
-1.00852000E-04
00000104.837
-9.47990000E-05
00000104.902
-8.93940000E-05
00000105.019
-9.23130000E-05
00000105.136
-8.57190000E-05
00000105.202
-9.85820000E-05
00000105.318
-8.66920000E-05
00000105.435
-9.55550000E-05
00000105.550
-9.72850000E-05
00000105.602
-8.43140000E-05
00000105.718
-8.89620000E-05
00000105.837
-9.64200000E-05
00000105.902
-8.49620000E-05
00000106.019
-8.40970000E-05
00000106.138
-9.56640000E-05
00000106.202
-8.82050000E-05
00000106.318
-9.78250000E-05
00000106.437
-8.29080000E-05
00000106.502
-9.96630000E-05
00000106.619
-8.75560000E-05
00000106.734
-1.00312000E-04
00000106.851
-9.86900000E-05
00000106.902
-8.07460000E-05
00000107.019
-9.69610000E-05
00000107.134
-9.75010000E-05
00000107.202
-8.59350000E-05
00000107.318
-9.78250000E-05
00000107.433
-9.40420000E-05
00000107.552
-8.44220000E-05
00000107.602
-9.76090000E-05
00000107.718
-8.84210000E-05
00000107.834
-9.64200000E-05
00000107.949
-1.08311000E-04
00000108.002
-9.51230000E-05
00000108.119
-8.93940000E-05
00000108.234
-9.87980000E-05
00000108.349
-9.16640000E-05
00000108.402
-9.71770000E-05
00000108.519
-9.73930000E-05
00000108.634
-8.56110000E-05
00000108.750
-9.10150000E-05
00000108.802
-1.00312000E-04
00000108.920
-8.72320000E-05
00000109.035
-9.72850000E-05
00000109.150
-9.78250000E-05
00000109.202
-8.53950000E-05
00000109.318
-9.81500000E-05
00000109.435
-8.59350000E-05
00000109.550
-9.75010000E-05
00000109.602
-9.91230000E-05
00000109.719
-8.72320000E-05
00000109.836
-8.65840000E-05
00000109.902
-9.22050000E-05
00000110.020
-9.96630000E-05
00000110.136
-8.97180000E-05
00000110.202
-8.47460000E-05
00000110.318
-9.81500000E-05
00000110.436
-9.68530000E-05
00000110.502
-9.18800000E-05
00000110.619
-9.04750000E-05
00000110.737
-9.70690000E-05
00000110.802
-8.50700000E-05
00000110.918
-9.79340000E-05
00000111.034
-9.78250000E-05
00000111.150
-9.54470000E-05
00000111.202
-9.66360000E-05
00000111.318
-9.22050000E-05
00000111.434
-8.69080000E-05
00000111.551
-9.89060000E-05
00000111.602
-9.86900000E-05
00000111.720
-8.51780000E-05
00000111.836
-7.90170000E-05
00000111.902
-9.86900000E-05
00000112.021
-8.69080000E-05
00000112.136
-8.62590000E-05
00000112.202
-9.65280000E-05
00000112.320
-9.93390000E-05
00000112.437
-8.85290000E-05
00000112.502
-8.22600000E-05
00000112.619
-9.79340000E-05
00000112.736
-9.79340000E-05
00000112.802
-8.40970000E-05
00000112.918
-9.71770000E-05
00000113.037
-9.80420000E-05
00000113.102
-8.57190000E-05
00000113.218
-9.43660000E-05
00000113.338
-9.33940000E-05
00000113.402
-9.76090000E-05
00000113.519
-8.49620000E-05
00000113.636
-8.68000000E-05
00000113.702
-9.92310000E-05
00000113.818
-8.42060000E-05
00000113.935
-9.84740000E-05
00000114.050
-9.68530000E-05
00000114.102
-8.39890000E-05
00000114.218
-8.46380000E-05
00000114.338
-8.89620000E-05
00000114.402
-9.16640000E-05
00000114.519
-9.23130000E-05
00000114.634
-9.17720000E-05
00000114.702
-1.01284000E-04
00000114.818
-7.97740000E-05
00000114.933
-9.92310000E-05
00000115.052
-9.93390000E-05
00000115.102
-8.48540000E-05
00000115.218
-9.89060000E-05
00000115.334
-1.01501000E-04
00000115.453
-8.20440000E-05
00000115.502
-9.91230000E-05
00000115.619
-8.77730000E-05
00000115.734
-9.90140000E-05
00000115.849
-9.70690000E-05
00000115.902
-8.51780000E-05
00000116.019
-1.05608000E-04
00000116.134
-8.44220000E-05
00000116.250
-8.73400000E-05
00000116.302
-9.85820000E-05
00000116.420
-8.84210000E-05
00000116.535
-9.72850000E-05
00000116.650
-9.73930000E-05
00000116.702
-9.99870000E-05
00000116.820
-8.35570000E-05
00000116.937
-9.40420000E-05
00000117.002
-9.87980000E-05
00000117.119
-8.61510000E-05
00000117.236
-8.62590000E-05
00000117.302
-1.00095000E-04
00000117.418
-8.73400000E-05
00000117.535
-9.58800000E-05
00000117.650
-9.64200000E-05
00000117.702
-8.47460000E-05
00000117.819
-9.23130000E-05
00000117.936
-8.87450000E-05
00000118.002
-9.54470000E-05
00000118.119
-8.43140000E-05
00000118.237
-8.75560000E-05
00000118.302
-9.27450000E-05
00000118.418
-8.46380000E-05
00000118.534
-9.75010000E-05
00000118.651
-9.70690000E-05
00000118.702
-7.80440000E-05
00000118.818
-9.59880000E-05
00000118.934
-8.45300000E-05
00000119.051
-8.63670000E-05
00000119.102
-9.39340000E-05
00000119.218
-8.61510000E-05
00000119.334
-9.67440000E-05
00000119.451
-9.72850000E-05
00000119.502
-9.18800000E-05
00000119.621
-8.48540000E-05
00000119.736
-9.62040000E-05
00000119.802
-9.91230000E-05
00000119.920
-7.56660000E-05
00000120.035
-9.77170000E-05
00000120.151
-8.87450000E-05
00000120.202
-1.00528000E-04
00000120.320
-9.71770000E-05
00000120.437
-9.76090000E-05
00000120.502
-8.47460000E-05
00000120.619
-9.52310000E-05
00000120.736
-9.72850000E-05
00000120.802
-8.59350000E-05
00000120.918
-9.11240000E-05
00000121.035
-9.23130000E-05
00000121.150
-8.63670000E-05
00000121.202
-8.80970000E-05
00000121.318
-9.85820000E-05
00000121.437
-9.53390000E-05
00000121.502
-8.40970000E-05
00000121.619
-9.84740000E-05
00000121.736
-1.09608000E-04
00000121.802
-8.42060000E-05
00000121.918
-9.81500000E-05
00000122.033
-8.50700000E-05
00000122.150
-8.65840000E-05
00000122.202
-1.14688000E-04
00000122.318
-8.60430000E-05
00000122.433
-8.69080000E-05
00000122.553
-9.80420000E-05
00000122.602
-8.50700000E-05
00000122.719
-1.11553000E-04
00000122.834
-9.54470000E-05
00000122.953
-8.56110000E-05
00000123.002
-9.37180000E-05
00000123.119
-9.23130000E-05
00000123.234
-9.53390000E-05
00000123.302
-7.82600000E-05
00000123.418
-9.70690000E-05
00000123.533
-8.29080000E-05
00000123.648
-8.32330000E-05
00000123.702
-9.76090000E-05
00000123.820
-9.50150000E-05
00000123.935
-9.67440000E-05
00000124.051
-9.62040000E-05
00000124.102
-8.40970000E-05
00000124.219
-9.70690000E-05
00000124.334
-9.66360000E-05
00000124.449
-8.22600000E-05
00000124.502
-9.99870000E-05
00000124.619
-9.45830000E-05
00000124.736
-8.69080000E-05
00000124.802
-9.75010000E-05
00000124.919
-9.84740000E-05
00000125.035
-8.65840000E-05
00000125.150
-9.92310000E-05
00000125.202
-9.90140000E-05
00000125.319
-8.53950000E-05
00000125.435
-9.40420000E-05
00000125.551
-9.22050000E-05
00000125.602
-8.53950000E-05
00000125.719
-9.85820000E-05
00000125.836
-9.79340000E-05
00000125.902
-8.47460000E-05
00000126.018
-9.46910000E-05
00000126.135
-9.73930000E-05
00000126.202
-8.59350000E-05
00000126.318
-8.53950000E-05
00000126.436
-9.32850000E-05
00000126.502
-9.94470000E-05
00000126.620
-9.66360000E-05
00000126.737
-8.48540000E-05
00000126.802
-1.01284000E-04
00000126.918
-8.89620000E-05
00000127.034
-1.00312000E-04
00000127.151
-9.93390000E-05
00000127.202
-8.68000000E-05
00000127.318
-9.05830000E-05
00000127.434
-9.63120000E-05
00000127.551
-8.90700000E-05
00000127.602
-1.01284000E-04
00000127.719
-9.15560000E-05
00000127.834
-8.90700000E-05
00000127.952
-1.00636000E-04
00000128.002
-9.29610000E-05
00000128.119
-9.22050000E-05
00000128.234
-9.91230000E-05
00000128.350
-8.90700000E-05
00000128.402
-8.92860000E-05
00000128.521
-1.00744000E-04
00000128.637
-1.01393000E-04
00000128.702
-8.63670000E-05
00000128.818
-9.73930000E-05
00000128.935
-9.86900000E-05
00000129.002
-8.65840000E-05
00000129.119
-9.04750000E-05
00000129.236
-9.91230000E-05
00000129.302
-8.86370000E-05
00000129.418
-9.51230000E-05
00000129.537
-8.26920000E-05
00000129.602
-9.92310000E-05
00000129.719
-9.13400000E-05
00000129.838
-8.56110000E-05
00000129.902
-9.82580000E-05
00000130.018
-1.00420000E-04
00000130.137
-8.66920000E-05
00000130.202
-8.52860000E-05
00000130.318
-9.95550000E-05
00000130.438
-9.85820000E-05
00000130.502
-8.56110000E-05
00000130.619
-9.90140000E-05
00000130.736
-1.12202000E-04
00000130.802
-8.65840000E-05
00000130.918
-9.87980000E-05
00000131.033
-9.13400000E-05
00000131.150
-8.77730000E-05
00000131.202
-1.15445000E-04
00000131.318
-8.68000000E-05
00000131.434
-8.72320000E-05
00000131.553
-9.86900000E-05
00000131.602
-9.03670000E-05
00000131.719
-1.08851000E-04
00000131.834
-8.47460000E-05
00000131.902
-9.92310000E-05
00000132.018
-8.55030000E-05
00000132.133
-9.77170000E-05
00000132.252
-9.77170000E-05
00000132.302
-9.31770000E-05
00000132.418
-9.66360000E-05
00000132.533
-8.40970000E-05
00000132.648
-8.57190000E-05
00000132.702
-9.98790000E-05
00000132.820
-9.58800000E-05
00000132.936
-8.32330000E-05
00000133.002
-9.76090000E-05
00000133.119
-9.19880000E-05
00000133.234
-9.50150000E-05
00000133.350
-9.86900000E-05
00000133.402
-9.58800000E-05
00000133.520
-8.60430000E-05
00000133.637
-9.02590000E-05
00000133.702
-1.01717000E-04
00000133.819
-8.86370000E-05
00000133.936
-8.05300000E-05
00000134.002
-1.00636000E-04
00000134.120
-9.77170000E-05
00000134.236
-8.78810000E-05
00000134.302
-9.40420000E-05
00000134.419
-1.09824000E-04
00000134.535
-8.58270000E-05
00000134.650
-9.95550000E-05
00000134.702
-9.97710000E-05
00000134.819
-9.52310000E-05
00000134.936
-8.42060000E-05
00000135.002
-1.00420000E-04
00000135.120
-9.09070000E-05
00000135.237
-9.20960000E-05
00000135.302
-9.86900000E-05
00000135.418
-8.79890000E-05
00000135.534
-9.05830000E-05
00000135.651
-1.05068000E-04
00000135.702
-8.50700000E-05
00000135.818
-9.64200000E-05
00000135.934
-9.96630000E-05
00000136.051
-9.37180000E-05
00000136.102
-9.13400000E-05
00000136.219
-1.01068000E-04
00000136.335
-8.86370000E-05
00000136.452
-9.91230000E-05
00000136.502
-1.02041000E-04
00000136.619
-8.60430000E-05
00000136.735
-9.98790000E-05
00000136.850
-9.59880000E-05
00000136.902
-8.20440000E-05
00000137.022
-9.86900000E-05
00000137.137
-9.83660000E-05
00000137.202
-7.69630000E-05
00000137.318
-9.79340000E-05
00000137.436
-9.92310000E-05
00000137.502
-1.01933000E-04
00000137.619
-8.52860000E-05
00000137.736
-9.16640000E-05
00000137.802
-1.15229000E-04
00000137.918
-8.52860000E-05
00000138.037
-8.65840000E-05
00000138.102
-9.97710000E-05
00000138.219
-9.00430000E-05
00000138.336
-8.58270000E-05
00000138.402
-9.90140000E-05
00000138.518
-9.97710000E-05
00000138.635
-9.60960000E-05
00000138.750
-9.07990000E-05
00000138.802
-9.22050000E-05
00000138.918
-8.60430000E-05
00000139.037
-8.84210000E-05
00000139.102
-1.00852000E-04
00000139.219
-8.86370000E-05
00000139.334
-9.27450000E-05
00000139.451
-9.75010000E-05
00000139.502
-8.58270000E-05
00000139.619
-1.07446000E-04
00000139.734
-9.56640000E-05
00000139.802
-8.66920000E-05
00000139.918
-1.11986000E-04
00000140.033
-9.63120000E-05
00000140.152
-8.58270000E-05
00000140.202
-9.59880000E-05
00000140.318
-8.91780000E-05
00000140.434
-9.41500000E-05
00000140.549
-9.94470000E-05
00000140.602
-1.00095000E-04
00000140.719
-8.73400000E-05
00000140.834
-9.56640000E-05
00000140.949
-9.24210000E-05
00000141.002
-8.53950000E-05
00000141.119
-9.87980000E-05
00000141.235
-8.59350000E-05
00000141.350
-1.02041000E-04
00000141.402
-9.93390000E-05
00000141.520
-8.73400000E-05
00000141.637
-8.73400000E-05
00000141.702
-9.87980000E-05
00000141.819
-1.01933000E-04
00000141.936
-8.37730000E-05
00000142.002
-9.76090000E-05
00000142.118
-9.94470000E-05
00000142.235
-8.53950000E-05
00000142.350
-9.73930000E-05
00000142.402
-9.57720000E-05
00000142.519
-8.51780000E-05
00000142.636
-8.68000000E-05
00000142.702
-9.96630000E-05
00000142.819
-8.73400000E-05
00000142.936
-9.92310000E-05
00000143.002
-9.82580000E-05
00000143.118
-8.73400000E-05
00000143.233
-9.24210000E-05
00000143.350
-9.91230000E-05
00000143.402
-1.01284000E-04
00000143.518
-9.79340000E-05
00000143.634
-9.91230000E-05
00000143.751
-8.74480000E-05
00000143.802
-9.56640000E-05
00000143.918
-1.13175000E-04
00000144.034
-8.55030000E-05
00000144.151
-9.75010000E-05
00000144.202
-1.01176000E-04
00000144.319
-8.62590000E-05
00000144.434
-1.08959000E-04
00000144.550
-8.84210000E-05
00000144.602
-8.71240000E-05
00000144.721
-1.00852000E-04
00000144.836
-1.00095000E-04
00000144.902
-8.68000000E-05
00000145.018
-1.09067000E-04
00000145.135
-8.69080000E-05
00000145.250
-8.87450000E-05
00000145.302
-1.02690000E-04
00000145.418
-1.02582000E-04
00000145.537
-8.86370000E-05
00000145.602
-9.07990000E-05
00000145.719
-9.19880000E-05
00000145.838
-9.85820000E-05
00000145.902
-8.58270000E-05
00000146.018
-9.80420000E-05
00000146.137
-9.87980000E-05
00000146.202
-8.60430000E-05
00000146.319
-9.73930000E-05
00000146.434
-9.46910000E-05
00000146.553
-8.60430000E-05
00000146.602
-9.90140000E-05
00000146.719
-9.05830000E-05
00000146.834
-8.71240000E-05
00000146.951
-9.95550000E-05
00000147.002
-8.71240000E-05
00000147.118
-1.12094000E-04
00000147.233
-9.82580000E-05
00000147.350
-8.77730000E-05
00000147.402
-9.54470000E-05
00000147.518
-9.31770000E-05
00000147.633
-1.01284000E-04
00000147.748
-8.61510000E-05
00000147.802
-1.00312000E-04
00000147.920
-8.64750000E-05
00000148.035
-8.65840000E-05
00000148.102
-1.00528000E-04
00000148.219
-8.22600000E-05
00000148.334
-1.00095000E-04
00000148.449
-9.84740000E-05
00000148.502
-8.61510000E-05
00000148.619
-9.91230000E-05
00000148.735
-7.86930000E-05
00000148.850
-8.64750000E-05
00000148.902
-1.00312000E-04
00000149.018
-9.52310000E-05
00000149.135
-9.53390000E-05
00000149.250
-9.98790000E-05
00000149.302
-8.73400000E-05
00000149.419
-8.62590000E-05
00000149.536
-9.39340000E-05
00000149.602
-9.98790000E-05
00000149.720
-8.64750000E-05
00000149.837
-8.87450000E-05
00000149.902
-9.89060000E-05
00000150.018
-8.70160000E-05
00000150.134
-1.00312000E-04
00000150.251
-9.80420000E-05
00000150.302
-9.56640000E-05
00000150.418
-9.81500000E-05
00000150.534
-9.70690000E-05
00000150.651
-8.79890000E-05
00000150.702
-9.06910000E-05
00000150.821
-1.10364000E-04
00000150.936
-8.82050000E-05
00000151.002
-8.64750000E-05
00000151.121
-9.87980000E-05
00000151.237
-9.82580000E-05
00000151.302
-8.49620000E-05
00000151.420
-8.59350000E-05
00000151.537
-9.62040000E-05
00000151.602
-8.65840000E-05
00000151.719
-7.43690000E-05
00000151.836
-9.49070000E-05
00000151.902
-9.57720000E-05
00000152.018
-9.53390000E-05
00000152.137
-8.29080000E-05
00000152.202
-9.96630000E-05
00000152.319
-1.07013000E-04
00000152.438
-8.11790000E-05
00000152.502
-9.87980000E-05
00000152.618
-1.01068000E-04
00000152.737
-8.45300000E-05
00000152.802
-8.70160000E-05
00000152.918
-9.94470000E-05
00000153.036
-1.08743000E-04
00000153.102
-8.35570000E-05
00000153.219
-9.75010000E-05
00000153.336
-9.89060000E-05
00000153.402
-8.70160000E-05
00000153.518
-9.72850000E-05
00000153.633
-9.58800000E-05
00000153.750
-8.68000000E-05
00000153.802
-9.85820000E-05
00000153.918
-9.23130000E-05
00000154.034
-8.86370000E-05
00000154.153
-9.60960000E-05
00000154.202
-9.83660000E-05
00000154.319
-8.77730000E-05
00000154.434
-9.84740000E-05
00000154.551
-9.37180000E-05
00000154.602
-8.20440000E-05
00000154.719
-9.98790000E-05
00000154.834
-9.89060000E-05
00000154.902
-8.56110000E-05
00000155.018
-9.87980000E-05
00000155.133
-8.26920000E-05
00000155.248
-8.79890000E-05
00000155.302
-1.00312000E-04
00000155.420
-9.19880000E-05
00000155.536
-8.80970000E-05
00000155.602
-9.94470000E-05
00000155.719
-9.82580000E-05
00000155.834
-8.97180000E-05
00000155.950
-9.92310000E-05
00000156.002
-1.00095000E-04
00000156.120
-9.45830000E-05
00000156.235
-9.86900000E-05
00000156.350
-9.50150000E-05
00000156.402
-8.62590000E-05
00000156.519
-1.00744000E-04
00000156.635
-9.00430000E-05
00000156.750
-7.98820000E-05
00000156.802
-9.99870000E-05
00000156.919
-8.76650000E-05
00000157.036
-8.74480000E-05
00000157.102
-1.00095000E-04
00000157.220
-9.28530000E-05
00000157.337
-8.65840000E-05
00000157.402
-9.42580000E-05
00000157.519
-1.00636000E-04
00000157.636
-9.93390000E-05
00000157.702
-8.61510000E-05
00000157.819
-9.62040000E-05
00000157.935
-8.72320000E-05
00000158.052
-8.76650000E-05
00000158.102
-1.01393000E-04
00000158.219
-8.85290000E-05
00000158.335
-9.33940000E-05
00000158.453
-9.96630000E-05
00000158.502
-8.48540000E-05
00000158.620
-9.87980000E-05
00000158.735
-1.00528000E-04
00000158.802
-1.01068000E-04
00000158.920
-8.69080000E-05
00000159.036
-9.35020000E-05
00000159.102
-1.13715000E-04
00000159.219
-8.82050000E-05
00000159.335
-1.01609000E-04
00000159.450
-1.00960000E-04
00000159.502
-8.83130000E-05
00000159.622
-9.97710000E-05
00000159.737
-9.96630000E-05
00000159.802
-8.69080000E-05
00000159.918
-8.98260000E-05
00000160.036
-9.86900000E-05
00000160.102
-1.01176000E-04
00000160.219
-8.71240000E-05
00000160.336
-8.70160000E-05
00000160.402
-1.00203000E-04
00000160.518
-9.09070000E-05
00000160.637
-8.84210000E-05
00000160.702
-9.91230000E-05
00000160.819
-9.81500000E-05
00000160.936
-9.93390000E-05
00000161.002
-9.50150000E-05
00000161.118
-9.93390000E-05
00000161.235
-8.58270000E-05
00000161.350
-9.55550000E-05
00000161.402
-1.06797000E-04
00000161.518
-8.55030000E-05
00000161.637
-8.80970000E-05
00000161.702
-1.01501000E-04
00000161.819
-8.77730000E-05
00000161.934
-8.88540000E-05
00000162.002
-1.00203000E-04
00000162.118
-8.77730000E-05
00000162.233
-9.37180000E-05
00000162.350
-1.01068000E-04
00000162.402
-8.98260000E-05
00000162.518
-9.86900000E-05
00000162.633
-9.97710000E-05
00000162.752
-9.02590000E-05
00000162.802
-9.14480000E-05
00000162.919
-9.97710000E-05
00000163.034
-8.87450000E-05
00000163.153
-9.58800000E-05
00000163.202
-1.00528000E-04
00000163.319
-8.74480000E-05
00000163.434
-1.00744000E-04
00000163.549
-1.00203000E-04
00000163.602
-8.59350000E-05
00000163.719
-9.98790000E-05
00000163.835
-8.66920000E-05
00000163.950
-8.80970000E-05
00000164.002
-1.02041000E-04
00000164.120
-9.16640000E-05
00000164.237
-8.66920000E-05
00000164.302
-1.00636000E-04
00000164.419
-9.23130000E-05
00000164.536
-8.97180000E-05
00000164.602
-8.98260000E-05
00000164.719
-9.58800000E-05
00000164.837
-9.92310000E-05
00000164.902
-8.63670000E-05
00000165.019
-9.66360000E-05
00000165.136
-9.90140000E-05
00000165.202
-9.80420000E-05
00000165.320
-8.39890000E-05
00000165.437
-9.77170000E-05
00000165.502
-1.07662000E-04
00000165.618
-8.64750000E-05
00000165.734
-1.00203000E-04
00000165.851
-1.07446000E-04
00000165.902
-8.52860000E-05
00000166.018
-1.00960000E-04
00000166.134
-8.92860000E-05
00000166.251
-8.92860000E-05
00000166.302
-1.00203000E-04
00000166.419
-9.00430000E-05
00000166.535
-9.31770000E-05
00000166.652
-9.86900000E-05
00000166.702
-8.73400000E-05
00000166.819
-9.26370000E-05
00000166.934
-8.68000000E-05
00000167.050
-8.92860000E-05
00000167.102
-9.04750000E-05
00000167.221
-9.87980000E-05
00000167.337
-8.88540000E-05
00000167.402
-9.69610000E-05
00000167.518
-1.01933000E-04
00000167.635
-9.60960000E-05
00000167.751
-9.80420000E-05
00000167.802
-9.96630000E-05
00000167.919
-8.80970000E-05
00000168.038
-8.63670000E-05
00000168.102
-1.01717000E-04
00000168.218
-8.95020000E-05
00000168.337
-8.86370000E-05
00000168.402
-9.70690000E-05
00000168.518
-8.86370000E-05
00000168.633
-9.60960000E-05
00000168.751
-9.38260000E-05
00000168.802
-8.76650000E-05
00000168.919
-1.00203000E-04
00000169.034
-9.44740000E-05
00000169.151
-8.59350000E-05
00000169.202
-9.33940000E-05
00000169.319
-9.68530000E-05
00000169.434
-9.72850000E-05
00000169.502
-8.46380000E-05
00000169.618
-1.11121000E-04
00000169.733
-8.56110000E-05
00000169.852
-8.64750000E-05
00000169.902
-1.01284000E-04
00000170.018
-8.51780000E-05
00000170.133
-1.00960000E-04
00000170.249
-9.86900000E-05
00000170.302
-8.66920000E-05
00000170.421
-9.72850000E-05
00000170.536
-9.26370000E-05
00000170.602
-9.25290000E-05
00000170.719
-9.18800000E-05
00000170.835
-9.55550000E-05
00000170.950
-8.55030000E-05
00000171.002
-8.51780000E-05
00000171.120
-1.06257000E-04
00000171.237
-9.30690000E-05
00000171.302
-8.57190000E-05
00000171.420
-9.90140000E-05
00000171.536
-9.98790000E-05
00000171.602
-8.63670000E-05
00000171.718
-9.93390000E-05
00000171.835
-9.60960000E-05
00000171.950
-8.51780000E-05
00000172.002
-1.01176000E-04
00000172.119
-1.03554000E-04
00000172.236
-9.31770000E-05
00000172.302
-8.77730000E-05
00000172.419
-1.01825000E-04
00000172.537
-1.01284000E-04
00000172.602
-8.83130000E-05
00000172.718
-1.00636000E-04
00000172.833
-8.76650000E-05
00000172.951
-8.95020000E-05
00000173.002
-1.03338000E-04
00000173.118
-8.97180000E-05
00000173.234
-1.00312000E-04
00000173.351
-1.00420000E-04
00000173.402
-8.77730000E-05
00000173.518
-9.90140000E-05
00000173.634
-9.99870000E-05
00000173.751
-8.82050000E-05
00000173.802
-8.98260000E-05
00000173.921
-1.01933000E-04
00000174.036
-9.12320000E-05
00000174.102
-8.55030000E-05
00000174.220
-9.99870000E-05
00000174.335
-8.69080000E-05
00000174.450
-9.13400000E-05
00000174.502
-1.01284000E-04
00000174.620
-8.88540000E-05
00000174.737
-8.91780000E-05
00000174.802
-1.01609000E-04
00000174.919
-9.28530000E-05
00000175.036
-8.85290000E-05
00000175.102
-1.00420000E-04
00000175.218
-1.02690000E-04
00000175.337
-9.86900000E-05
00000175.402
-8.64750000E-05
00000175.518
-1.00528000E-04
00000175.638
-1.00636000E-04
00000175.702
-8.73400000E-05
00000175.819
-8.68000000E-05
00000175.938
-1.01068000E-04
00000176.002
-8.90700000E-05
00000176.118
-8.80970000E-05
00000176.237
-9.22050000E-05
00000176.302
-1.02906000E-04
00000176.419
-9.18800000E-05
00000176.538
-8.90700000E-05
00000176.602
-1.01933000E-04
00000176.718
-1.01068000E-04
00000176.837
-8.75560000E-05
00000176.902
-9.80420000E-05
00000177.018
-9.30690000E-05
00000177.134
-8.79890000E-05
00000177.251
-9.95550000E-05
00000177.302
-1.00095000E-04
00000177.419
-8.92860000E-05
00000177.534
-1.00528000E-04
00000177.653
-9.56640000E-05
00000177.702
-8.87450000E-05
00000177.819
-1.01176000E-04
00000177.934
-1.00203000E-04
00000178.002
-8.78810000E-05
00000178.118
-1.00095000E-04
00000178.233
-9.98790000E-05
00000178.352
-8.88540000E-05
00000178.402
-1.04527000E-04
00000178.518
-9.16640000E-05
00000178.634
-1.04635000E-04
00000178.749
-1.01825000E-04
00000178.802
-8.74480000E-05
00000178.919
-1.00312000E-04
00000179.034
-8.88540000E-05
00000179.149
-8.92860000E-05
00000179.202
-9.87980000E-05
00000179.319
-9.79340000E-05
00000179.434
-9.69610000E-05
00000179.550
-1.02582000E-04
00000179.602
-1.01933000E-04
00000179.720
-9.01510000E-05
00000179.837
-9.17720000E-05
00000179.902
-1.04311000E-04
00000180.019
-9.10150000E-05
00000180.136
-9.04750000E-05
00000180.202
-1.02798000E-04
00000180.320
-1.01825000E-04
00000180.436
-8.95020000E-05
00000180.502
-9.64200000E-05
00000180.619
-1.02582000E-04
00000180.736
-1.03446000E-04
00000180.802
-8.76650000E-05
00000180.919
-9.99870000E-05
00000181.037
-9.95550000E-05
00000181.102
-7.93410000E-05
00000181.218
-9.80420000E-05
00000181.334
-9.49070000E-05
00000181.451
-8.84210000E-05
00000181.502
-1.02041000E-04
00000181.618
-8.93940000E-05
00000181.734
-8.82050000E-05
00000181.851
-9.98790000E-05
00000181.902
-9.04750000E-05
00000182.019
-9.38260000E-05
00000182.134
-9.19880000E-05
00000182.252
-8.74480000E-05
00000182.302
-9.19880000E-05
00000182.419
-1.03014000E-04
00000182.534
-8.79890000E-05
00000182.650
-9.82580000E-05
00000182.702
-1.00744000E-04
00000182.821
-8.78810000E-05
00000182.937
-8.88540000E-05
00000183.002
-1.02473000E-04
00000183.118
-8.76650000E-05
00000183.235
-9.57720000E-05
00000183.351
-9.83660000E-05
00000183.402
-8.62590000E-05
00000183.519
-9.78250000E-05
00000183.636
-9.95550000E-05
00000183.702
-8.66920000E-05
00000183.817
-9.85820000E-05
00000183.933
-9.54470000E-05
00000184.050
-8.79890000E-05
00000184.102
-9.82580000E-05
00000184.218
-9.26370000E-05
00000184.333
-8.83130000E-05
00000184.452
-9.57720000E-05
00000184.502
-9.99870000E-05
00000184.618
-8.59350000E-05
00000184.733
-9.97710000E-05
00000184.853
-9.93390000E-05
00000184.902
-8.73400000E-05
00000185.019
-1.00312000E-04
00000185.134
-8.83130000E-05
00000185.251
-8.85290000E-05
00000185.302
-1.14040000E-04
00000185.419
-8.80970000E-05
00000185.534
-1.01501000E-04
00000185.649
-9.99870000E-05
00000185.702
-8.68000000E-05
00000185.819
-1.12851000E-04
00000185.935
-8.69080000E-05
00000186.050
-8.95020000E-05
00000186.102
-1.02690000E-04
00000186.220
-9.00430000E-05
00000186.335
-1.16742000E-04
00000186.450
-9.39340000E-05
00000186.502
-9.50150000E-05
00000186.620
-8.72320000E-05
00000186.737
-1.00420000E-04
00000186.802
-1.00852000E-04
00000186.919
-8.34490000E-05
00000187.036
-8.80970000E-05
00000187.102
-1.03230000E-04
00000187.218
-8.95020000E-05
00000187.335
-1.02041000E-04
00000187.450
-1.01501000E-04
00000187.502
-8.63670000E-05
00000187.619
-9.90140000E-05
00000187.736
-1.00960000E-04
00000187.802
-9.75010000E-05
00000187.920
-9.46910000E-05
00000188.037
-8.80970000E-05
00000188.102
-1.02365000E-04
00000188.218
-8.76650000E-05
00000188.333
-1.01176000E-04
00000188.449
-1.00312000E-04
00000188.502
-7.84770000E-05
00000188.618
-9.98790000E-05
00000188.734
-8.74480000E-05
00000188.852
-8.71240000E-05
00000188.902
-1.00528000E-04
00000189.019
-7.70710000E-05
00000189.135
-9.87980000E-05
00000189.252
-9.95550000E-05
00000189.302
-9.11240000E-05
00000189.421
-9.60960000E-05
00000189.536
-9.99870000E-05
00000189.602
-9.44740000E-05
00000189.720
-8.82050000E-05
00000189.835
-9.93390000E-05
00000189.951
-8.86370000E-05
00000190.002
-8.76650000E-05
00000190.120
-9.59880000E-05
00000190.237
-9.89060000E-05
00000190.302
-8.63670000E-05
00000190.419
-1.00528000E-04
00000190.536
-9.91230000E-05
00000190.602
-9.46910000E-05
00000190.718
-8.59350000E-05
00000190.837
-9.99870000E-05
00000190.902
-9.80420000E-05
00000191.019
-8.80970000E-05
00000191.138
-9.68530000E-05
00000191.202
-1.00528000E-04
00000191.318
-8.90700000E-05
00000191.437
-9.04750000E-05
00000191.502
-1.03230000E-04
00000191.618
-9.03670000E-05
00000191.734
-9.24210000E-05
00000191.851
-1.00312000E-04
00000191.902
-8.99350000E-05
00000192.019
-1.02257000E-04
00000192.134
-1.02365000E-04
00000192.251
-1.03554000E-04
00000192.302
-9.57720000E-05
00000192.419
-1.01717000E-04
00000192.534
-1.03446000E-04
00000192.602
-8.97180000E-05
00000192.718
-1.12310000E-04
00000192.833
-8.91780000E-05
00000192.952
-8.85290000E-05
00000193.002
-1.01393000E-04
00000193.118
-8.85290000E-05
00000193.234
-1.11121000E-04
00000193.349
-9.62040000E-05
00000193.402
-8.75560000E-05
00000193.519
-1.01068000E-04
00000193.634
-8.69080000E-05
00000193.749
-8.84210000E-05
00000193.802
-1.04635000E-04
00000193.919
-8.82050000E-05
00000194.034
-1.01176000E-04
00000194.150
-9.92310000E-05
00000194.202
-9.05830000E-05
00000194.320
-9.84740000E-05
00000194.435
-9.39340000E-05
00000194.550
-8.86370000E-05
00000194.602
-1.00636000E-04
00000194.718
-1.03663000E-04
00000194.835
-9.05830000E-05
00000194.950
-1.00312000E-04
00000195.002
-1.00852000E-04
00000195.119
-8.93940000E-05
00000195.238
-8.19360000E-05
00000195.302
-1.01825000E-04
00000195.420
-8.95020000E-05
00000195.537
-9.13400000E-05
00000195.602
-1.03554000E-04
00000195.718
-9.82580000E-05
00000195.836
-9.19880000E-05
00000195.902
-1.09392000E-04
00000196.019
-1.03663000E-04
00000196.135
-9.09070000E-05
00000196.252
-9.93390000E-05
00000196.302
-1.02906000E-04
00000196.419
-8.91780000E-05
00000196.535
-1.01501000E-04
00000196.652
-1.01284000E-04
00000196.702
-8.95020000E-05
00000196.820
-1.03230000E-04
00000196.935
-1.00960000E-04
00000197.002
-8.36650000E-05
00000197.118
-1.00744000E-04
00000197.234
-9.96630000E-05
00000197.352
-8.84210000E-05
00000197.402
-1.00420000E-04
00000197.519
-8.73400000E-05
00000197.634
-9.93390000E-05
00000197.750
-9.93390000E-05
00000197.802
-1.00960000E-04
00000197.921
-8.70160000E-05
00000198.036
-9.49070000E-05
00000198.102
-9.63120000E-05
00000198.218
-8.71240000E-05
00000198.335
-1.00203000E-04
00000198.451
-1.02798000E-04
00000198.502
-8.97180000E-05
00000198.618
-1.01501000E-04
00000198.738
-1.02041000E-04
00000198.802
-9.07990000E-05
00000198.919
-9.53390000E-05
00000199.036
-1.01393000E-04
00000199.102
-8.30160000E-05
00000199.218
-9.94470000E-05
00000199.333
-1.02690000E-04
00000199.450
-9.22050000E-05
00000199.502
-9.38260000E-05
00000199.618
-1.00852000E-04
00000199.734
-8.93940000E-05
00000199.851
-9.39340000E-05
00000199.902
-1.00203000E-04
00000200.019
-8.68000000E-05
00000200.134
-8.71240000E-05
00000200.202
-9.50150000E-05
00000200.318
-8.75560000E-05
00000200.433
-9.28530000E-05
00000200.552
-1.00852000E-04
00000200.602
-8.92860000E-05
00000200.718
-9.58800000E-05
00000200.833
-8.93940000E-05
00000200.949
-8.95020000E-05
00000201.002
-1.02257000E-04
00000201.118
-8.95020000E-05
00000201.234
-9.55550000E-05
00000201.349
-1.00095000E-04
00000201.402
-9.25290000E-05
00000201.519
-9.77170000E-05
00000201.634
-9.60960000E-05
00000201.749
-9.76090000E-05
00000201.802
-8.91780000E-05
00000201.919
-1.03014000E-04
00000202.035
-8.88540000E-05
00000202.150
-9.84740000E-05
00000202.202
-1.01609000E-04
00000202.320
-8.30160000E-05
00000202.437
-8.74480000E-05
00000202.502
-1.00420000E-04
00000202.619
-8.89620000E-05
00000202.736
-8.95020000E-05
00000202.802
-9.43660000E-05
00000202.920
-1.00744000E-04
00000203.036
-9.63120000E-05
00000203.102
-8.90700000E-05
00000203.219
-1.02582000E-04
00000203.335
-8.08550000E-05
00000203.451
-8.98260000E-05
00000203.502
-1.00960000E-04
00000203.619
-8.86370000E-05
00000203.736
-8.84210000E-05
00000203.802
-1.06473000E-04
00000203.918
-8.63670000E-05
00000204.035
-9.26370000E-05
00000204.152
-1.02473000E-04
00000204.202
-9.01510000E-05
00000204.318
-1.01825000E-04
00000204.433
-9.37180000E-05
00000204.551
-8.68000000E-05
00000204.602
-1.01284000E-04
00000204.718
-9.20960000E-05
00000204.834
-8.73400000E-05
00000204.951
-1.09392000E-04
00000205.002
-9.30690000E-05
00000205.119
-9.51230000E-05
00000205.234
-1.00203000E-04
00000205.350
-9.15560000E-05
00000205.402
-9.69610000E-05
00000205.521
-1.00960000E-04
00000205.636
-1.02473000E-04
00000205.702
-9.01510000E-05
00000205.818
-1.02906000E-04
00000205.935
-1.06257000E-04
00000206.050
-8.07460000E-05
00000206.102
-1.02149000E-04
00000206.218
-1.01609000E-04
00000206.337
-9.06910000E-05
00000206.402
-1.01176000E-04
00000206.519
-1.03879000E-04
00000206.638
-9.75010000E-05
00000206.702
-9.29610000E-05
00000206.818
-1.02690000E-04
00000206.937
-1.11445000E-04
00000207.002
-8.95020000E-05
00000207.119
-1.03014000E-04
00000207.234
-1.01501000E-04
00000207.302
-1.02798000E-04
00000207.417
-1.00203000E-04
00000207.533
-1.02582000E-04
00000207.652
-9.01510000E-05
00000207.702
-1.14796000E-04
00000207.818
-9.19880000E-05
00000207.933
-8.80970000E-05
00000208.052
-9.68530000E-05
00000208.102
-1.11013000E-04
00000208.218
-8.72320000E-05
00000208.333
-1.00744000E-04
00000208.449
-1.00095000E-04
00000208.502
-8.91780000E-05
00000208.619
-1.17282000E-04
00000208.734
-8.80970000E-05
00000208.849
-8.63670000E-05
00000208.902
-9.96630000E-05
00000209.019
-8.70160000E-05
00000209.134
-1.15229000E-04
00000209.249
-9.49070000E-05
00000209.302
-9.01510000E-05
00000209.419
-1.03554000E-04
00000209.535
-9.07990000E-05
00000209.650
-8.80970000E-05
00000209.702
-9.32850000E-05
00000209.818
-8.75560000E-05
00000209.935
-1.00852000E-04
00000210.050
-1.02798000E-04
00000210.102
-9.03670000E-05
00000210.219
-8.30160000E-05
00000210.336
-9.99870000E-05
00000210.402
-1.01176000E-04
00000210.520
-8.83130000E-05
00000210.637
-8.62590000E-05
00000210.702
-9.94470000E-05
00000210.818
-8.38810000E-05
00000210.934
-9.84740000E-05
00000211.051
-1.00203000E-04
00000211.102
-8.83130000E-05
00000211.218
-1.00636000E-04
00000211.334
-9.07990000E-05
00000211.452
-8.57190000E-05
00000211.502
-9.93390000E-05
00000211.619
-8.75560000E-05
00000211.734
-8.59350000E-05
00000211.852
-1.13067000E-04
00000211.902
-8.76650000E-05
00000212.019
-1.00420000E-04
00000212.134
-9.30690000E-05
00000212.250
-8.79890000E-05
00000212.302
-9.98790000E-05
00000212.421
-9.94470000E-05
00000212.537
-9.81500000E-05
00000212.602
-8.72320000E-05
00000212.718
-1.01609000E-04
00000212.835
-1.01933000E-04
00000212.902
-7.79360000E-05
00000213.019
-9.65280000E-05
00000213.136
-9.93390000E-05
00000213.202
-8.76650000E-05
00000213.318
-8.73400000E-05
00000213.437
-1.05284000E-04
00000213.502
-9.73930000E-05
00000213.619
-8.61510000E-05
00000213.736
-8.44220000E-05
00000213.802
-9.81500000E-05
00000213.918
-1.06365000E-04
00000214.037
-8.34490000E-05
00000214.102
-9.86900000E-05
00000214.218
-9.89060000E-05
00000214.338
-9.94470000E-05
00000214.402
-8.87450000E-05
00000214.519
-9.64200000E-05
00000214.638
-1.02365000E-04
00000214.702
-9.05830000E-05
00000214.818
-1.02690000E-04
00000214.935
-9.14480000E-05
00000215.050
-1.03014000E-04
00000215.102
-9.96630000E-05
00000215.218
-8.89620000E-05
00000215.334
-9.44740000E-05
00000215.451
-1.03014000E-04
00000215.502
-1.05392000E-04
00000215.619
-1.01284000E-04
00000215.734
-1.03879000E-04
00000215.851
-8.90700000E-05
00000215.902
-9.40420000E-05
00000216.019
-1.08959000E-04
00000216.134
-9.77170000E-05
00000216.202
-8.92860000E-05
00000216.318
-1.02798000E-04
00000216.433
-8.98260000E-05
00000216.552
-8.77730000E-05
00000216.602
-9.55550000E-05
00000216.718
-8.78810000E-05
00000216.834
-1.01609000E-04
00000216.949
-1.03230000E-04
00000217.002
-9.01510000E-05
00000217.119
-1.14364000E-04
00000217.234
-8.97180000E-05
00000217.349
-8.84210000E-05
00000217.402
-1.00636000E-04
00000217.519
-8.96100000E-05
00000217.634
-1.12742000E-04
00000217.750
-9.72850000E-05
00000217.802
-9.30690000E-05
00000217.920
-8.86370000E-05
00000218.037
-1.00203000E-04
00000218.102
-1.02798000E-04
00000218.219
-8.58270000E-05
00000218.336
-8.72320000E-05
00000218.402
-1.00960000E-04
00000218.520
-9.02590000E-05
00000218.636
-8.78810000E-05
00000218.702
-9.02590000E-05
00000218.818
-1.00960000E-04
00000218.936
-9.36100000E-05
00000219.002
-8.83130000E-05
00000219.120
-1.01284000E-04
00000219.237
-1.04419000E-04
00000219.302
-8.77730000E-05
00000219.418
-1.02798000E-04
00000219.535
-1.05500000E-04
00000219.602
-9.37180000E-05
00000219.719
-1.03338000E-04
00000219.834
-1.05176000E-04
00000219.952
-9.09070000E-05
00000220.002
-9.81500000E-05
00000220.119
-1.02798000E-04
00000220.235
-8.95020000E-05
00000220.352
-1.04311000E-04
00000220.402
-1.06797000E-04
00000220.519
-9.19880000E-05
00000220.635
-9.75010000E-05
00000220.752
-9.57720000E-05
00000220.802
-9.64200000E-05
00000220.918
-1.03771000E-04
00000221.035
-8.93940000E-05
00000221.150
-9.31770000E-05
00000221.202
-1.03446000E-04
00000221.318
-9.10150000E-05
00000221.437
-7.97740000E-05
00000221.502
-1.01393000E-04
00000221.619
-1.03230000E-04
00000221.738
-8.86370000E-05
00000221.802
-1.00528000E-04
00000221.918
-9.59880000E-05
00000222.037
-1.02149000E-04
00000222.102
-8.86370000E-05
00000222.218
-1.01825000E-04
00000222.334
-8.93940000E-05
00000222.451
-1.04419000E-04
00000222.502
-1.01825000E-04
00000222.619
-8.99350000E-05
00000222.734
-8.88540000E-05
00000222.802
-1.01068000E-04
00000222.918
-1.01609000E-04
00000223.033
-8.87450000E-05
00000223.152
-1.03987000E-04
00000223.202
-9.22050000E-05
00000223.318
-1.04419000E-04
00000223.433
-1.03987000E-04
00000223.552
-9.86900000E-05
00000223.602
-9.75010000E-05
00000223.718
-9.93390000E-05
00000223.834
-9.51230000E-05
00000223.949
-1.01609000E-04
00000224.002
-1.05608000E-04
00000224.119
-9.15560000E-05
00000224.234
-1.02690000E-04
00000224.349
-9.92310000E-05
00000224.402
-9.04750000E-05
00000224.519
-1.02257000E-04
00000224.635
-9.01510000E-05
00000224.750
-8.97180000E-05
00000224.802
-1.03987000E-04
00000224.920
-8.91780000E-05
00000225.035
-1.03771000E-04
00000225.150
-1.02798000E-04
00000225.202
-8.90700000E-05
00000225.320
-9.50150000E-05
00000225.437
-1.03446000E-04
00000225.502
-9.50150000E-05
00000225.619
-7.89090000E-05
00000225.736
-9.70690000E-05
00000225.802
-1.03014000E-04
00000225.918
-8.93940000E-05
00000226.035
-1.02257000E-04
00000226.150
-1.01393000E-04
00000226.202
-8.56110000E-05
00000226.319
-1.00960000E-04
00000226.435
-8.84210000E-05
00000226.551
-8.89620000E-05
00000226.602
-1.02906000E-04
00000226.719
-8.83130000E-05
00000226.836
-8.87450000E-05
00000226.902
-1.02582000E-04
00000227.018
-9.64200000E-05
00000227.135
-9.84740000E-05
00000227.252
-9.35020000E-05
00000227.302
-9.05830000E-05
00000227.418
-1.02798000E-04
00000227.534
-1.02690000E-04
00000227.651
-8.88540000E-05
00000227.702
-1.14688000E-04
00000227.818
-9.71770000E-05
00000227.934
-8.90700000E-05
00000228.052
-1.01501000E-04
00000228.102
-1.03771000E-04
00000228.219
-9.01510000E-05
00000228.334
-1.02257000E-04
00000228.452
-1.11337000E-04
00000228.502
-8.62590000E-05
00000228.619
-1.01501000E-04
00000228.736
-1.00528000E-04
00000228.802
-8.79890000E-05
00000228.918
-9.25290000E-05
00000229.037
-1.02365000E-04
00000229.102
-8.20440000E-05
00000229.219
-8.82050000E-05
00000229.338
-9.36100000E-05
00000229.402
-1.01284000E-04
00000229.517
-9.01510000E-05
00000229.635
-1.03014000E-04
00000229.750
-1.01717000E-04
00000229.802
-8.76650000E-05
00000229.918
-9.94470000E-05
00000230.037
-1.02365000E-04
00000230.102
-8.88540000E-05
00000230.219
-1.00960000E-04
00000230.334
-1.06797000E-04
00000230.451
-7.94490000E-05
00000230.502
-1.00528000E-04
00000230.619
-9.16640000E-05
00000230.734
-8.88540000E-05
00000230.851
-1.01825000E-04
00000230.902
-8.06380000E-05
00000231.018
-1.01717000E-04
00000231.133
-1.02473000E-04
00000231.252
-8.93940000E-05
00000231.302
-9.85820000E-05
00000231.418
-8.93940000E-05
00000231.533
-9.56640000E-05
00000231.648
-9.81500000E-05
00000231.702
-1.03554000E-04
00000231.820
-9.02590000E-05
00000231.935
-8.90700000E-05
00000232.002
-9.59880000E-05
00000232.119
-8.85290000E-05
00000232.234
-1.01393000E-04
00000232.350
-1.00312000E-04
00000232.402
-8.77730000E-05
00000232.519
-9.44740000E-05
00000232.635
-8.79890000E-05
00000232.750
-8.82050000E-05
00000232.802
-1.01176000E-04
00000232.919
-9.50150000E-05
00000233.035
-8.89620000E-05
00000233.150
-1.00312000E-04
00000233.202
-9.62040000E-05
00000233.319
-8.83130000E-05
00000233.438
-9.69610000E-05
00000233.502
-1.18363000E-04
00000233.620
-8.95020000E-05
00000233.737
-8.99350000E-05
00000233.802
-1.03554000E-04
00000233.919
-9.19880000E-05
00000234.036
-9.00430000E-05
00000234.102
-9.28530000E-05
00000234.219
-9.79340000E-05
00000234.334
-9.09070000E-05
00000234.452
-1.04203000E-04
00000234.502
-1.02473000E-04
00000234.619
-8.17190000E-05
00000234.735
-1.03446000E-04
00000234.853
-9.44740000E-05
00000234.902
-8.96100000E-05
00000235.020
-1.03554000E-04
00000235.135
-8.86370000E-05
00000235.250
-9.29610000E-05
00000235.302
-1.03554000E-04
00000235.422
-9.99870000E-05
00000235.539
-9.11240000E-05
00000235.602
-1.03014000E-04
00000235.719
-9.13400000E-05
00000235.836
-8.96100000E-05
00000235.902
-1.01933000E-04
00000236.018
-1.03663000E-04
00000236.137
-9.96630000E-05
00000236.202
-9.68530000E-05
00000236.318
-1.00312000E-04
00000236.436
-1.01717000E-04
00000236.502
-8.88540000E-05
00000236.619
-9.62040000E-05
00000236.736
-1.06041000E-04
00000236.802
-8.84210000E-05
00000236.918
-8.84210000E-05
00000237.035
-1.02690000E-04
00000237.150
-8.97180000E-05
00000237.202
-9.51230000E-05
00000237.318
-9.92310000E-05
00000237.438
-1.01068000E-04
00000237.502
-8.72320000E-05
00000237.619
-9.96630000E-05
00000237.734
-1.01501000E-04
00000237.802
-8.15030000E-05
00000237.918
-1.00744000E-04
00000238.033
-1.02149000E-04
00000238.152
-8.84210000E-05
00000238.202
-1.01717000E-04
00000238.318
-1.02365000E-04
00000238.434
-8.83130000E-05
00000238.553
-1.00312000E-04
00000238.602
-9.65280000E-05
00000238.719
-1.05932000E-04
00000238.834
-9.77170000E-05
00000238.949
-9.00430000E-05
00000239.002
-8.72320000E-05
00000239.119
-1.12851000E-04
00000239.234
-8.71240000E-05
00000239.350
-9.50150000E-05
00000239.402
-1.02582000E-04
00000239.520
-1.00420000E-04
00000239.635
-1.01284000E-04
00000239.750
-1.01717000E-04
00000239.802
-8.77730000E-05
00000239.920
-1.13391000E-04
00000240.037
