-1.02473000E-04
00000000.194
-1.02906000E-04
00000000.237
-1.02690000E-04
00000000.302
-8.59350000E-05
00000000.420
-1.00960000E-04
00000000.535
-8.55030000E-05
00000000.650
-8.89620000E-05
00000000.702
-1.15661000E-04
00000000.820
-9.67440000E-05
00000000.937
-8.98260000E-05
00000001.002
-9.54470000E-05
00000001.120
-1.04311000E-04
00000001.236
-1.06797000E-04
00000001.302
-8.84210000E-05
00000001.419
-1.13391000E-04
00000001.537
-9.87980000E-05
00000001.602
-8.84210000E-05
00000001.719
-9.62040000E-05
00000001.836
-1.01609000E-04
00000001.902
-1.09067000E-04
00000002.020
-8.73400000E-05
00000002.136
-9.72850000E-05
00000002.202
-1.02906000E-04
00000002.319
-9.68530000E-05
00000002.436
-8.21520000E-05
00000002.502
-1.01068000E-04
00000002.620
-8.85290000E-05
00000002.737
-8.69080000E-05
00000002.802
-1.07770000E-04
00000002.918
-1.00312000E-04
00000003.036
-9.45830000E-05
00000003.102
-7.99900000E-05
00000003.219
-1.01068000E-04
00000003.334
-7.92330000E-05
00000003.452
-8.99350000E-05
00000003.502
-1.02906000E-04
00000003.619
-8.76650000E-05
00000003.735
-1.02798000E-04
00000003.852
-1.12094000E-04
00000003.902
-8.60430000E-05
00000004.019
-1.09175000E-04
00000004.135
-7.77200000E-05
00000004.250
-7.58820000E-05
00000004.302
-7.17750000E-05
00000004.422
-5.43710000E-05
00000004.537
-2.44290000E-05
00000004.602
-5.51300000E-06
00000004.719
+4.68050000E-05
00000004.836
+8.11790000E-05
00000004.902
+1.95435000E-04
00000005.019
+3.06880000E-04
00000005.137
+3.82654000E-04
00000005.202
+5.95600000E-04
00000005.318
+8.32975000E-04
00000005.437
+9.75876000E-04
00000005.502
+1.30199700E-03
00000005.619
+1.67870600E-03
00000005.738
+1.89446200E-03
00000005.802
+2.31527500E-03
00000005.918
+2.79121500E-03
00000006.037
+3.05604600E-03
00000006.102
+3.52247300E-03
00000006.219
+3.99268400E-03
00000006.338
+4.25838200E-03
00000006.402
+4.68924600E-03
00000006.519
+5.09632900E-03
00000006.639
+5.29684600E-03
00000006.702
+5.67225700E-03
00000006.818
+5.98119100E-03
00000006.937
+6.13998200E-03
00000007.002
+6.41065200E-03
00000007.119
+6.61743700E-03
00000007.234
+6.72909800E-03
00000007.302
+6.90345400E-03
00000007.418
+7.02246600E-03
00000007.533
+7.13499200E-03
00000007.652
+7.18655300E-03
00000007.702
+7.26546200E-03
00000007.818
+7.32977800E-03
00000007.933
+7.39139300E-03
00000008.053
+7.40112200E-03
00000008.102
+7.42911800E-03
00000008.219
+7.46695100E-03
00000008.334
+7.46760000E-03
00000008.451
+7.47159900E-03
00000008.502
+7.49094800E-03
00000008.619
+7.48078700E-03
00000008.734
+7.50056900E-03
00000008.849
+7.49073200E-03
00000008.902
+7.47214000E-03
00000009.019
+7.47949000E-03
00000009.135
+7.46176300E-03
00000009.250
+7.46165500E-03
00000009.302
+7.46878900E-03
00000009.420
+7.44976400E-03
00000009.535
+7.45419600E-03
00000009.650
+7.45019700E-03
00000009.702
+7.43084800E-03
00000009.819
+7.43560400E-03
00000009.935
+7.41971400E-03
00000010.051
+7.41485000E-03
00000010.102
+7.41830900E-03
00000010.219
+7.40836400E-03
00000010.336
+7.38739400E-03
00000010.402
+7.36988200E-03
00000010.518
+7.35918100E-03
00000010.635
+7.32480600E-03
00000010.752
+7.31648300E-03
00000010.802
+7.29702600E-03
00000010.918
+7.27021800E-03
00000011.034
+7.25822000E-03
00000011.151
+7.24914000E-03
00000011.202
+7.21109100E-03
00000011.318
+7.19790300E-03
00000011.434
+7.15326000E-03
00000011.552
+7.13845100E-03
00000011.602
+7.11272500E-03
00000011.719
+7.05651600E-03
00000011.834
+7.01954800E-03
00000011.950
+6.99468600E-03
00000012.002
+6.93026200E-03
00000012.121
+6.87351200E-03
00000012.236
+6.84454300E-03
00000012.302
+6.76390400E-03
00000012.418
+6.68650900E-03
00000012.535
+6.61668000E-03
00000012.650
+6.56447000E-03
00000012.702
+6.47334700E-03
00000012.818
+6.37541300E-03
00000012.938
+6.31369100E-03
00000013.002
+6.19067800E-03
00000013.119
+6.06377500E-03
00000013.238
+6.00367500E-03
00000013.302
+5.86120600E-03
00000013.418
+5.72144000E-03
00000013.537
+5.65344900E-03
00000013.602
+5.50925100E-03
00000013.719
+5.34970400E-03
00000013.834
+5.20961200E-03
00000013.951
+5.13643300E-03
00000014.002
+4.97558800E-03
00000014.119
+4.83484900E-03
00000014.234
+4.74199600E-03
00000014.302
+4.57326100E-03
00000014.418
+4.43241400E-03
00000014.533
+4.27167800E-03
00000014.652
+4.19828100E-03
00000014.702
+4.06110800E-03
00000014.818
+3.90318200E-03
00000014.934
+3.77444100E-03
00000015.049
+3.70850400E-03
00000015.102
+3.56852200E-03
00000015.219
+3.44486200E-03
00000015.334
+3.30823000E-03
00000015.449
+3.25472400E-03
00000015.502
+3.14349500E-03
00000015.619
+3.02826600E-03
00000015.734
+2.90579500E-03
00000015.850
+2.88439200E-03
00000015.902
+2.77619000E-03
00000016.019
+2.66409600E-03
00000016.137
+2.61134600E-03
00000016.202
+2.53384200E-03
00000016.319
+2.43277400E-03
00000016.436
+2.38629300E-03
00000016.502
+2.31895100E-03
00000016.620
+2.23906900E-03
00000016.738
+2.18610300E-03
00000016.802
+2.12167800E-03
00000016.918
+2.06049500E-03
00000017.036
+2.02331100E-03
00000017.102
+1.94850900E-03
00000017.219
+1.91046000E-03
00000017.337
+1.86960000E-03
00000017.402
+1.80247400E-03
00000017.518
+1.75804700E-03
00000017.636
+1.72529400E-03
00000017.702
+1.68238100E-03
00000017.818
+1.63114400E-03
00000017.934
+1.60087800E-03
00000018.051
+1.56780100E-03
00000018.102
+1.53461600E-03
00000018.219
+1.50975400E-03
00000018.335
+1.46262500E-03
00000018.452
+1.43625000E-03
00000018.502
+1.42857500E-03
00000018.619
+1.38360800E-03
00000018.735
+1.36707000E-03
00000018.852
+1.34415400E-03
00000018.902
+1.31615700E-03
00000019.020
+1.30026700E-03
00000019.135
+1.26502800E-03
00000019.253
+1.24816600E-03
00000019.302
+1.22243900E-03
00000019.418
+1.19855000E-03
00000019.535
+1.18385000E-03
00000019.651
+1.17358100E-03
00000019.702
+1.13899000E-03
00000019.818
+1.11023700E-03
00000019.938
+1.10721100E-03
00000020.002
+1.08451100E-03
00000020.119
+1.04646200E-03
00000020.238
+1.03111200E-03
00000020.302
+1.03057200E-03
00000020.418
+9.84199000E-04
00000020.537
+9.71120000E-04
00000020.602
+9.56095000E-04
00000020.719
+9.22802000E-04
00000020.834
+9.00534000E-04
00000020.951
+8.91346000E-04
00000021.002
+8.65295000E-04
00000021.119
+8.51243000E-04
00000021.235
+8.35894000E-04
00000021.302
+8.11681000E-04
00000021.418
+7.70389000E-04
00000021.533
+7.76118000E-04
00000021.652
+7.63362000E-04
00000021.702
+7.22179000E-04
00000021.819
+7.30394000E-04
00000021.934
+6.97641000E-04
00000022.049
+6.75049000E-04
00000022.102
+6.83373000E-04
00000022.219
+6.53106000E-04
00000022.334
+6.51701000E-04
00000022.449
+6.43918000E-04
00000022.502
+6.13111000E-04
00000022.619
+6.12355000E-04
00000022.735
+5.80683000E-04
00000022.850
+5.73224000E-04
00000022.902
+5.72360000E-04
00000023.020
+5.51173000E-04
00000023.137
+5.27392000E-04
00000023.202
+5.26852000E-04
00000023.319
+5.20042000E-04
00000023.436
+5.09989000E-04
00000023.502
+4.86208000E-04
00000023.620
+4.88154000E-04
00000023.736
+4.79182000E-04
00000023.802
+4.47295000E-04
00000023.919
+4.51078000E-04
00000024.036
+4.47186000E-04
00000024.102
+4.21784000E-04
00000024.220
+4.15731000E-04
00000024.337
+4.06651000E-04
00000024.402
+4.09137000E-04
00000024.518
+3.87626000E-04
00000024.634
+3.90977000E-04
00000024.751
+3.90545000E-04
00000024.802
+3.67737000E-04
00000024.918
+3.71520000E-04
00000025.034
+3.51091000E-04
00000025.151
+3.44929000E-04
00000025.202
+3.41362000E-04
00000025.319
+3.29580000E-04
00000025.434
+3.27634000E-04
00000025.552
+3.31417000E-04
00000025.602
+3.10879000E-04
00000025.719
+3.22986000E-04
00000025.834
+2.98124000E-04
00000025.950
+2.93152000E-04
00000026.002
+2.85693000E-04
00000026.121
+2.98773000E-04
00000026.237
+2.80397000E-04
00000026.302
+2.75424000E-04
00000026.418
+2.78667000E-04
00000026.535
+2.62453000E-04
00000026.651
+2.60291000E-04
00000026.702
+2.64831000E-04
00000026.819
+2.45699000E-04
00000026.936
+2.43429000E-04
00000027.002
+2.50887000E-04
00000027.117
+2.32727000E-04
00000027.233
+2.41159000E-04
00000027.350
+2.42780000E-04
00000027.402
+2.24620000E-04
00000027.518
+2.32619000E-04
00000027.633
+2.29052000E-04
00000027.752
+2.12514000E-04
00000027.802
+2.21053000E-04
00000027.918
+2.05487000E-04
00000028.033
+1.99110000E-04
00000028.153
+2.11973000E-04
00000028.202
+1.96624000E-04
00000028.319
+1.89814000E-04
00000028.434
+2.01380000E-04
00000028.553
+1.86355000E-04
00000028.602
+1.81815000E-04
00000028.719
+1.90678000E-04
00000028.834
+1.64628000E-04
00000028.950
+1.83977000E-04
00000029.002
+1.84193000E-04
00000029.119
+1.66898000E-04
00000029.235
+1.76842000E-04
00000029.350
+1.72843000E-04
00000029.402
+1.62466000E-04
00000029.520
+1.67654000E-04
00000029.637
+1.67762000E-04
00000029.702
+1.51873000E-04
00000029.819
+1.55440000E-04
00000029.936
+1.50359000E-04
00000030.002
+1.46792000E-04
00000030.118
+1.41387000E-04
00000030.235
+1.51224000E-04
00000030.350
+1.38253000E-04
00000030.402
+1.36847000E-04
00000030.518
+1.44198000E-04
00000030.636
+1.45279000E-04
00000030.702
+1.28740000E-04
00000030.819
+1.36199000E-04
00000030.937
+1.36847000E-04
00000031.002
+1.25498000E-04
00000031.118
+1.31767000E-04
00000031.234
+1.23119000E-04
00000031.351
+1.13175000E-04
00000031.402
+1.24092000E-04
00000031.518
+1.09392000E-04
00000031.634
+1.06149000E-04
00000031.751
+1.20093000E-04
00000031.802
+1.08311000E-04
00000031.918
+1.04419000E-04
00000032.034
+1.05176000E-04
00000032.151
+1.05932000E-04
00000032.202
+9.67440000E-05
00000032.319
+1.08527000E-04
00000032.434
+9.24210000E-05
00000032.550
+9.57720000E-05
00000032.602
+1.04527000E-04
00000032.721
+9.03670000E-05
00000032.836
+8.77730000E-05
00000032.902
+9.94470000E-05
00000033.019
+9.44740000E-05
00000033.137
+8.34490000E-05
00000033.202
+9.23130000E-05
00000033.319
+9.40420000E-05
00000033.436
+8.91780000E-05
00000033.502
+7.92330000E-05
00000033.618
+8.88540000E-05
00000033.737
+9.00430000E-05
00000033.802
+7.54500000E-05
00000033.918
+8.51780000E-05
00000034.036
+8.58270000E-05
00000034.102
+7.60980000E-05
00000034.219
+7.04780000E-05
00000034.336
+6.92880000E-05
00000034.402
+7.91250000E-05
00000034.518
+6.41000000E-05
00000034.637
+6.07490000E-05
00000034.702
+7.31800000E-05
00000034.819
+6.23700000E-05
00000034.936
+5.77220000E-05
00000035.002
+6.76670000E-05
00000035.118
+6.64780000E-05
00000035.235
+5.27500000E-05
00000035.350
+6.72350000E-05
00000035.402
+5.68580000E-05
00000035.518
+5.31820000E-05
00000035.637
+5.16690000E-05
00000035.702
+6.43160000E-05
00000035.819
+4.92910000E-05
00000035.934
+5.01560000E-05
00000036.053
+5.98840000E-05
00000036.102
+4.60480000E-05
00000036.219
+5.75060000E-05
00000036.334
+5.10210000E-05
00000036.402
+4.49670000E-05
00000036.518
+5.46960000E-05
00000036.633
+5.31820000E-05
00000036.752
+3.84820000E-05
00000036.802
+4.59400000E-05
00000036.918
+4.02110000E-05
00000037.034
+4.30220000E-05
00000037.149
+4.68050000E-05
00000037.202
+4.71290000E-05
00000037.319
+3.40500000E-05
00000037.434
+4.77780000E-05
00000037.549
+3.86980000E-05
00000037.602
+3.02660000E-05
00000037.719
+4.37780000E-05
00000037.834
+2.88610000E-05
00000037.950
+2.95100000E-05
00000038.002
+3.98870000E-05
00000038.120
+2.74560000E-05
00000038.237
+2.55100000E-05
00000038.302
+3.78330000E-05
00000038.419
+3.65360000E-05
00000038.536
+2.49700000E-05
00000038.602
+2.11860000E-05
00000038.720
+2.35650000E-05
00000038.836
+3.66440000E-05
00000038.902
+1.87000000E-05
00000039.019
+1.61060000E-05
00000039.137
+3.57790000E-05
00000039.202
+1.75110000E-05
00000039.319
+1.53490000E-05
00000039.437
+3.81570000E-05
00000039.502
+2.01060000E-05
00000039.618
+1.43770000E-05
00000039.735
+3.04830000E-05
00000039.852
+1.66470000E-05
00000039.902
+1.26470000E-05
00000040.018
+3.29690000E-05
00000040.134
+1.07010000E-05
00000040.251
+1.27550000E-05
00000040.302
+2.30240000E-05
00000040.418
+9.18800000E-06
00000040.534
+2.58350000E-05
00000040.651
+2.32400000E-05
00000040.702
+5.18900000E-06
00000040.819
+2.78880000E-05
00000040.935
+8.10700000E-06
00000041.052
+7.35000000E-06
00000041.102
+2.88610000E-05
00000041.219
+5.40500000E-06
00000041.335
+8.64800000E-06
00000041.450
+2.46460000E-05
00000041.502
+1.05930000E-05
00000041.622
-1.34040000E-05
00000041.737
+1.90250000E-05
00000041.802
+1.38360000E-05
00000041.920
-9.72800000E-06
00000042.038
+2.16200000E-06
00000042.102
+1.30790000E-05
00000042.219
+8.86400000E-06
00000042.336
+4.32000000E-07
00000042.402
+1.03770000E-05
00000042.518
-2.16200000E-06
00000042.635
-6.48600000E-06
00000042.751
+1.21070000E-05
00000042.802
-6.26900000E-06
00000042.918
-1.83800000E-06
00000043.038
+3.78300000E-06
00000043.102
-7.56700000E-06
00000043.219
-7.02600000E-06
00000043.338
-6.91800000E-06
00000043.402
+1.14580000E-05
00000043.518
-7.67500000E-06
00000043.635
+1.13500000E-05
00000043.751
+4.75600000E-06
00000043.802
-1.05930000E-05
00000043.919
+3.02700000E-06
00000044.034
-1.16740000E-05
00000044.151
-1.08090000E-05
00000044.202
+2.27000000E-06
00000044.319
-1.99970000E-05
00000044.434
-8.64800000E-06
00000044.551
-6.49000000E-07
00000044.602
-1.41600000E-05
00000044.719
-5.62100000E-06
00000044.835
+1.62100000E-06
00000044.902
-5.51300000E-06
00000045.018
-3.01580000E-05
00000045.133
-2.81000000E-06
00000045.253
-6.70200000E-06
00000045.302
-3.23200000E-05
00000045.419
-2.59400000E-06
00000045.534
-1.85920000E-05
00000045.649
-3.04830000E-05
00000045.702
-4.86400000E-06
00000045.819
-1.90250000E-05
00000045.934
-2.27000000E-06
00000046.049
-7.35000000E-06
00000046.102
-2.17270000E-05
00000046.219
-6.26900000E-06
00000046.335
-2.19430000E-05
00000046.450
-2.09700000E-05
00000046.502
-5.83700000E-06
00000046.620
-1.15660000E-05
00000046.737
-2.23760000E-05
00000046.802
-2.04300000E-05
00000046.919
-3.78300000E-06
00000047.036
-1.37280000E-05
00000047.102
-2.50780000E-05
00000047.220
-1.35120000E-05
00000047.337
-1.50250000E-05
00000047.402
-2.68070000E-05
00000047.518
-1.50250000E-05
00000047.634
-2.38890000E-05
00000047.751
-2.45370000E-05
00000047.802
-1.37280000E-05
00000047.919
-1.25390000E-05
00000048.037
-2.60510000E-05
00000048.102
-2.77800000E-05
00000048.220
-2.96180000E-05
00000048.335
-1.22150000E-05
00000048.402
-2.97260000E-05
00000048.518
-1.71870000E-05
00000048.634
-2.90770000E-05
00000048.751
-2.84290000E-05
00000048.802
-1.66470000E-05
00000048.919
-2.89690000E-05
00000049.034
-2.11860000E-05
00000049.152
-1.80520000E-05
00000049.202
-3.12390000E-05
00000049.319
-1.99970000E-05
00000049.435
-1.83760000E-05
00000049.552
-2.95100000E-05
00000049.602
-2.02140000E-05
00000049.719
-2.91850000E-05
00000049.835
-2.47540000E-05
00000049.950
-2.09700000E-05
00000050.002
-2.84290000E-05
00000050.122
-3.27530000E-05
00000050.237
-3.10230000E-05
00000050.302
-2.14030000E-05
00000050.419
-3.43740000E-05
00000050.536
-3.32930000E-05
00000050.602
-2.07540000E-05
00000050.718
-2.92940000E-05
00000050.837
-3.38340000E-05
00000050.902
-2.27000000E-05
00000051.018
-2.15110000E-05
00000051.135
-3.69680000E-05
00000051.251
-2.52940000E-05
00000051.302
-3.14550000E-05
00000051.419
-3.92380000E-05
00000051.538
-3.93460000E-05
00000051.602
-2.51860000E-05
00000051.718
-4.04270000E-05
00000051.837
-3.80490000E-05
00000051.902
-2.62670000E-05
00000052.018
-3.90220000E-05
00000052.133
-3.50230000E-05
00000052.251
-2.92940000E-05
00000052.302
-4.12920000E-05
00000052.419
-3.08070000E-05
00000052.534
-2.94020000E-05
00000052.653
-3.95630000E-05
00000052.702
-3.64280000E-05
00000052.819
-3.40500000E-05
00000052.934
-3.12390000E-05
00000053.002
-4.32380000E-05
00000053.118
-2.81050000E-05
00000053.233
-5.10210000E-05
00000053.352
-3.90220000E-05
00000053.402
-2.97260000E-05
00000053.518
-4.51830000E-05
00000053.634
-4.01030000E-05
00000053.753
-3.26450000E-05
00000053.802
-4.59400000E-05
00000053.919
-3.16720000E-05
00000054.034
-4.62640000E-05
00000054.149
-4.50750000E-05
00000054.202
-3.37250000E-05
00000054.319
-4.55080000E-05
00000054.434
-3.36170000E-05
00000054.550
-3.51310000E-05
00000054.602
-4.72370000E-05
00000054.719
-3.77250000E-05
00000054.835
-4.39940000E-05
00000054.950
-4.52920000E-05
00000055.002
-4.47510000E-05
00000055.120
-3.58870000E-05
00000055.235
-4.70210000E-05
00000055.350
-3.46980000E-05
00000055.402
-3.31850000E-05
00000055.519
-4.77780000E-05
00000055.636
-4.75620000E-05
00000055.702
-3.46980000E-05
00000055.820
-4.88590000E-05
00000055.936
-4.72370000E-05
00000056.002
-3.58870000E-05
00000056.118
-4.43190000E-05
00000056.234
-3.89140000E-05
00000056.350
-3.77250000E-05
00000056.402
-4.91830000E-05
00000056.519
-5.09120000E-05
00000056.636
-4.21570000E-05
00000056.702
-5.19930000E-05
00000056.819
-4.96150000E-05
00000056.937
-5.02640000E-05
00000057.002
-3.72930000E-05
00000057.118
-5.18850000E-05
00000057.234
-3.96710000E-05
00000057.351
-3.91300000E-05
00000057.402
-5.21010000E-05
00000057.518
-3.43740000E-05
00000057.634
-4.63720000E-05
00000057.751
-5.00480000E-05
00000057.802
-3.76170000E-05
00000057.919
-4.33460000E-05
00000058.035
-5.12370000E-05
00000058.152
-3.90220000E-05
00000058.202
-5.16690000E-05
00000058.319
-3.94540000E-05
00000058.435
-4.82100000E-05
00000058.550
-5.02640000E-05
00000058.602
-5.11290000E-05
00000058.722
-3.31850000E-05
00000058.837
-4.19410000E-05
00000058.902
-5.28580000E-05
00000059.018
-4.14000000E-05
00000059.136
-4.17240000E-05
00000059.202
-5.38310000E-05
00000059.319
-5.03720000E-05
00000059.436
-4.31300000E-05
00000059.502
-5.49120000E-05
00000059.618
-5.30740000E-05
00000059.737
-5.29660000E-05
00000059.802
-4.21570000E-05
00000059.919
-4.87510000E-05
00000060.036
-5.35070000E-05
00000060.102
-4.17240000E-05
00000060.218
-4.10760000E-05
00000060.337
-5.40470000E-05
00000060.402
-4.69130000E-05
00000060.518
-3.99950000E-05
00000060.636
-4.34540000E-05
00000060.702
-6.68020000E-05
00000060.819
-4.93990000E-05
00000060.938
-4.38860000E-05
00000061.002
-6.88560000E-05
00000061.118
-5.67500000E-05
00000061.237
-4.55080000E-05
00000061.302
-4.76700000E-05
00000061.419
-5.50200000E-05
00000061.534
-4.46430000E-05
00000061.651
-5.54520000E-05
00000061.702
-6.71270000E-05
00000061.819
-4.17240000E-05
00000061.935
-4.37780000E-05
00000062.002
-5.01560000E-05
00000062.118
-4.39940000E-05
00000062.233
-4.42110000E-05
00000062.352
-5.54520000E-05
00000062.402
-4.48590000E-05
00000062.518
-5.58850000E-05
00000062.634
-4.54000000E-05
00000062.749
-5.79390000E-05
00000062.802
-6.01000000E-05
00000062.919
-5.96680000E-05
00000063.034
-5.96680000E-05
00000063.149
-5.93440000E-05
00000063.202
-4.38860000E-05
00000063.319
-5.84790000E-05
00000063.435
-4.47510000E-05
00000063.550
-4.70210000E-05
00000063.602
-5.18850000E-05
00000063.720
-6.34510000E-05
00000063.835
-6.50730000E-05
00000063.950
-5.54520000E-05
00000064.002
-5.83710000E-05
00000064.119
-4.15080000E-05
00000064.235
-6.24790000E-05
00000064.351
-5.67500000E-05
00000064.402
-4.85340000E-05
00000064.519
-6.46400000E-05
00000064.637
-5.33990000E-05
00000064.702
-4.96150000E-05
00000064.820
-5.58850000E-05
00000064.937
-5.98840000E-05
00000065.002
-4.90750000E-05
00000065.118
-5.84790000E-05
00000065.234
-6.24790000E-05
00000065.351
-6.10730000E-05
00000065.402
-6.08570000E-05
00000065.519
-7.50170000E-05
00000065.634
-5.13450000E-05
00000065.752
-6.25870000E-05
00000065.802
-6.41000000E-05
00000065.919
-5.11290000E-05
00000066.035
-6.09650000E-05
00000066.152
-5.99920000E-05
00000066.202
-5.36150000E-05
00000066.319
-6.73430000E-05
00000066.435
-5.13450000E-05
00000066.550
-5.37230000E-05
00000066.602
-6.68020000E-05
00000066.722
-5.49120000E-05
00000066.837
-4.61560000E-05
00000066.902
-6.77750000E-05
00000067.019
-6.12900000E-05
00000067.136
-5.68580000E-05
00000067.202
-5.17770000E-05
00000067.319
-6.92880000E-05
00000067.437
-6.95050000E-05
00000067.502
-5.51280000E-05
00000067.618
-6.41000000E-05
00000067.737
-6.63700000E-05
00000067.802
-5.42630000E-05
00000067.919
-5.42630000E-05
00000068.038
-6.69100000E-05
00000068.102
-5.51280000E-05
00000068.218
-5.30740000E-05
00000068.337
-5.49120000E-05
00000068.402
-6.86400000E-05
00000068.519
-5.41550000E-05
00000068.636
-5.54520000E-05
00000068.702
-6.77750000E-05
00000068.819
-6.86400000E-05
00000068.939
-5.55610000E-05
00000069.002
-6.47490000E-05
00000069.118
-7.42610000E-05
00000069.233
-5.54520000E-05
00000069.353
-6.42080000E-05
00000069.402
-6.83160000E-05
00000069.519
-5.44800000E-05
00000069.634
-6.84240000E-05
00000069.751
-6.77750000E-05
00000069.802
-5.55610000E-05
00000069.919
-6.90720000E-05
00000070.034
-6.77750000E-05
00000070.102
-5.40470000E-05
00000070.218
-6.60460000E-05
00000070.333
-5.38310000E-05
00000070.448
-5.68580000E-05
00000070.502
-6.83160000E-05
00000070.620
-6.37760000E-05
00000070.735
-5.64250000E-05
00000070.853
-6.87480000E-05
00000070.902
-6.93970000E-05
00000071.021
-5.63170000E-05
00000071.136
-6.57210000E-05
00000071.202
-7.14500000E-05
00000071.319
-5.67500000E-05
00000071.437
-5.81550000E-05
00000071.502
-7.14500000E-05
00000071.619
-5.86950000E-05
00000071.735
-7.06940000E-05
00000071.851
-6.93970000E-05
00000071.902
-5.69660000E-05
00000072.019
-6.68020000E-05
00000072.136
-7.05860000E-05
00000072.202
-5.84790000E-05
00000072.318
-5.66410000E-05
00000072.435
-7.02610000E-05
00000072.552
-6.15060000E-05
00000072.602
-6.30190000E-05
00000072.718
-7.27480000E-05
00000072.836
-7.14500000E-05
00000072.902
-5.81550000E-05
00000073.019
-7.13420000E-05
00000073.135
-6.10730000E-05
00000073.252
-6.04250000E-05
00000073.302
-7.49090000E-05
00000073.419
-6.10730000E-05
00000073.535
-6.57210000E-05
00000073.652
-7.13420000E-05
00000073.702
-5.93440000E-05
00000073.820
-7.11260000E-05
00000073.935
-7.24230000E-05
00000074.053
-6.08570000E-05
00000074.102
-7.09100000E-05
00000074.220
-6.92880000E-05
00000074.335
-6.49650000E-05
00000074.451
-7.37200000E-05
00000074.502
-7.09100000E-05
00000074.620
-6.10730000E-05
00000074.738
-6.83160000E-05
00000074.802
-7.66390000E-05
00000074.919
-6.23700000E-05
00000075.036
-6.43160000E-05
00000075.102
-7.65310000E-05
00000075.218
-6.39920000E-05
00000075.335
-7.64230000E-05
00000075.450
-7.50170000E-05
00000075.502
-5.98840000E-05
00000075.618
-6.04250000E-05
00000075.738
-7.54500000E-05
00000075.802
-7.52340000E-05
00000075.919
-6.29110000E-05
00000076.038
-6.21540000E-05
00000076.102
-7.65310000E-05
00000076.218
-6.37760000E-05
00000076.337
-6.30190000E-05
00000076.402
-7.54500000E-05
00000076.519
-6.32350000E-05
00000076.634
-6.30190000E-05
00000076.751
-7.36120000E-05
00000076.802
-6.28030000E-05
00000076.919
-7.35040000E-05
00000077.034
-7.28560000E-05
00000077.102
-7.27480000E-05
00000077.218
-6.64780000E-05
00000077.333
-7.63150000E-05
00000077.452
-7.49090000E-05
00000077.502
-6.16140000E-05
00000077.618
-7.69630000E-05
00000077.734
-6.12900000E-05
00000077.849
-6.36680000E-05
00000077.902
-7.79360000E-05
00000078.019
-6.32350000E-05
00000078.134
-8.70160000E-05
00000078.249
-7.20990000E-05
00000078.302
-6.19380000E-05
00000078.419
-7.44770000E-05
00000078.534
-6.31270000E-05
00000078.650
-6.32350000E-05
00000078.702
-7.39370000E-05
00000078.820
-7.48010000E-05
00000078.937
-6.12900000E-05
00000079.002
-7.82600000E-05
00000079.119
-7.36120000E-05
00000079.238
-7.52340000E-05
00000079.302
-6.99370000E-05
00000079.420
-7.25310000E-05
00000079.536
-7.53420000E-05
00000079.602
-6.25870000E-05
00000079.718
-6.85320000E-05
00000079.836
-7.66390000E-05
00000079.902
-7.63150000E-05
00000080.019
-5.92360000E-05
00000080.137
-6.46400000E-05
00000080.202
-7.73960000E-05
00000080.318
-5.67500000E-05
00000080.435
-6.17220000E-05
00000080.502
-7.64230000E-05
00000080.618
-6.42080000E-05
00000080.734
-6.79910000E-05
00000080.851
-8.73400000E-05
00000080.902
-6.38840000E-05
00000081.019
-8.20440000E-05
00000081.135
-7.55580000E-05
00000081.252
-6.37760000E-05
00000081.302
-7.08020000E-05
00000081.419
-7.36120000E-05
00000081.535
-7.57740000E-05
00000081.650
-7.54500000E-05
00000081.702
-8.10710000E-05
00000081.822
-6.39920000E-05
00000081.937
-6.52890000E-05
00000082.002
-9.12320000E-05
00000082.118
-6.69100000E-05
00000082.236
-6.49650000E-05
00000082.302
-7.44770000E-05
00000082.419
-8.00980000E-05
00000082.536
-7.83680000E-05
00000082.602
-7.38280000E-05
00000082.718
-7.85850000E-05
00000082.835
-6.62620000E-05
00000082.950
-7.66390000E-05
00000083.002
-7.91250000E-05
00000083.119
-6.84240000E-05
00000083.238
-6.46400000E-05
00000083.302
-8.02060000E-05
00000083.419
-7.01530000E-05
00000083.534
-6.37760000E-05
00000083.602
-7.83680000E-05
00000083.718
-6.36680000E-05
00000083.833
-6.61540000E-05
00000083.953
-9.19880000E-05
00000084.002
-7.05860000E-05
00000084.118
-8.88540000E-05
00000084.234
-7.89090000E-05
00000084.353
-6.60460000E-05
00000084.402
-5.96680000E-05
00000084.519
-7.89090000E-05
00000084.634
-5.63170000E-05
00000084.749
-7.22070000E-05
00000084.802
-8.10710000E-05
00000084.919
-6.76670000E-05
00000085.035
-9.59880000E-05
00000085.150
-7.37200000E-05
00000085.202
-6.61540000E-05
00000085.320
-9.26370000E-05
00000085.435
-6.57210000E-05
00000085.550
-6.66940000E-05
00000085.602
-9.17720000E-05
00000085.720
-7.25310000E-05
00000085.837
-6.52890000E-05
00000085.902
-7.58820000E-05
00000086.020
-7.94490000E-05
00000086.136
-6.93970000E-05
00000086.202
-6.22620000E-05
00000086.318
-7.94490000E-05
00000086.435
-8.16110000E-05
00000086.550
-6.57210000E-05
00000086.602
-8.03140000E-05
00000086.719
-8.20440000E-05
00000086.836
-6.31270000E-05
00000086.902
-8.06380000E-05
00000087.019
-7.73960000E-05
00000087.137
-6.73430000E-05
00000087.202
-7.13420000E-05
00000087.318
-6.92880000E-05
00000087.434
-6.62620000E-05
00000087.551
-8.09630000E-05
00000087.602
-7.45850000E-05
00000087.718
-6.26950000E-05
00000087.834
-8.20440000E-05
00000087.952
-7.30720000E-05
00000088.002
-7.01530000E-05
00000088.119
-8.03140000E-05
00000088.234
-5.79390000E-05
00000088.350
-6.89640000E-05
00000088.402
-8.13950000E-05
00000088.521
-6.92880000E-05
00000088.636
-6.68020000E-05
00000088.702
-8.84210000E-05
00000088.818
-6.77750000E-05
00000088.935
-8.10710000E-05
00000089.050
-8.37730000E-05
00000089.102
-7.00450000E-05
00000089.218
-6.91800000E-05
00000089.337
-9.49070000E-05
00000089.402
-8.23680000E-05
00000089.519
-7.10180000E-05
00000089.636
-6.89640000E-05
00000089.702
-8.34490000E-05
00000089.818
-7.04780000E-05
00000089.933
-8.26920000E-05
00000090.052
-8.48540000E-05
00000090.102
-7.13420000E-05
00000090.218
-8.45300000E-05
00000090.333
-7.14500000E-05
00000090.451
-7.05860000E-05
00000090.502
-8.31250000E-05
00000090.619
-7.04780000E-05
00000090.734
-7.10180000E-05
00000090.853
-8.55030000E-05
00000090.902
-7.27480000E-05
00000091.019
-8.45300000E-05
00000091.134
-8.42060000E-05
00000091.253
-6.89640000E-05
00000091.302
-7.71790000E-05
00000091.419
-7.77200000E-05
00000091.535
-7.40450000E-05
00000091.650
-8.32330000E-05
00000091.702
-8.56110000E-05
00000091.820
-7.11260000E-05
00000091.935
-8.56110000E-05
00000092.050
-7.53420000E-05
00000092.102
-7.03690000E-05
00000092.220
-8.34490000E-05
00000092.335
-7.11260000E-05
00000092.451
-7.69630000E-05
00000092.502
-8.50700000E-05
00000092.619
-7.24230000E-05
00000092.736
-6.98290000E-05
00000092.802
-8.33410000E-05
00000092.918
-7.12340000E-05
00000093.035
-8.28000000E-05
00000093.150
-8.51780000E-05
00000093.202
-7.14500000E-05
00000093.319
-8.39890000E-05
00000093.435
-7.62070000E-05
00000093.550
-7.01530000E-05
00000093.602
-8.29080000E-05
00000093.719
-8.37730000E-05
00000093.836
-7.57740000E-05
00000093.902
-7.09100000E-05
00000094.020
-8.24760000E-05
00000094.137
-8.42060000E-05
00000094.202
-7.14500000E-05
00000094.318
-8.44220000E-05
00000094.434
-7.12340000E-05
00000094.551
-6.91800000E-05
00000094.602
-8.28000000E-05
00000094.718
-7.09100000E-05
00000094.834
-7.82600000E-05
00000094.951
-8.45300000E-05
00000095.002
-7.23150000E-05
00000095.119
-8.33410000E-05
00000095.235
-8.43140000E-05
00000095.352
-6.96130000E-05
00000095.402
-8.20440000E-05
00000095.519
-7.51260000E-05
00000095.634
-9.22050000E-05
00000095.750
-7.82600000E-05
00000095.802
-8.47460000E-05
00000095.921
-7.18830000E-05
00000096.037
-7.41530000E-05
00000096.102
-8.55030000E-05
00000096.218
-7.25310000E-05
00000096.336
-7.12340000E-05
00000096.402
-8.39890000E-05
00000096.519
-7.88010000E-05
00000096.636
-7.08020000E-05
00000096.702
-8.05300000E-05
00000096.818
-8.18270000E-05
00000096.937
-8.32330000E-05
00000097.002
-6.93970000E-05
00000097.119
-8.09630000E-05
00000097.238
-8.50700000E-05
00000097.302
-7.15580000E-05
00000097.418
-7.50170000E-05
00000097.537
-8.51780000E-05
00000097.602
-7.66390000E-05
00000097.718
-8.21520000E-05
00000097.834
-8.36650000E-05
00000097.951
-7.37200000E-05
00000098.002
-7.46930000E-05
00000098.119
-8.58270000E-05
00000098.234
-6.98290000E-05
00000098.351
-7.90170000E-05
00000098.402
-8.83130000E-05
00000098.519
-7.49090000E-05
00000098.634
-7.13420000E-05
00000098.702
-8.64750000E-05
00000098.818
-7.45850000E-05
00000098.933
-7.88010000E-05
00000099.052
-8.60430000E-05
00000099.102
-7.49090000E-05
00000099.218
-8.80970000E-05
00000099.334
-7.60980000E-05
00000099.449
-7.19910000E-05
00000099.502
-7.68550000E-05
00000099.621
-8.72320000E-05
00000099.736
-7.77200000E-05
00000099.802
-7.30720000E-05
00000099.920
-7.72870000E-05
00000100.035
-7.16670000E-05
00000100.150
-7.73960000E-05
00000100.202
-7.94490000E-05
00000100.320
-7.41530000E-05
00000100.437
-7.09100000E-05
00000100.502
-7.99900000E-05
00000100.619
-7.65310000E-05
00000100.736
-7.15580000E-05
00000100.802
-8.08550000E-05
00000100.918
-8.26920000E-05
00000101.035
-6.19380000E-05
00000101.150
-8.28000000E-05
00000101.202
-8.37730000E-05
00000101.319
-6.47490000E-05
00000101.436
-7.01530000E-05
00000101.502
-8.63670000E-05
00000101.619
-6.96130000E-05
00000101.737
-7.27480000E-05
00000101.802
-8.57190000E-05
00000101.918
-7.41530000E-05
00000102.034
-7.05860000E-05
00000102.151
-8.56110000E-05
00000102.202
-8.82050000E-05
00000102.318
-8.73400000E-05
00000102.434
-7.89090000E-05
00000102.551
-7.19910000E-05
00000102.602
-9.69610000E-05
00000102.718
-8.39890000E-05
00000102.834
-6.47490000E-05
00000102.952
-8.61510000E-05
00000103.002
-1.01068000E-04
00000103.121
-7.55580000E-05
00000103.236
-8.50700000E-05
00000103.302
-8.77730000E-05
00000103.420
-7.81520000E-05
00000103.535
-8.88540000E-05
00000103.651
-9.83660000E-05
00000103.702
-8.32330000E-05
00000103.822
-7.53420000E-05
00000103.939
-8.95020000E-05
00000104.002
-7.94490000E-05
00000104.119
-8.72320000E-05
00000104.236
-7.80440000E-05
00000104.302
-8.78810000E-05
00000104.418
-7.24230000E-05
00000104.535
-8.93940000E-05
00000104.650
-9.86900000E-05
00000104.702
-7.31800000E-05
00000104.818
-9.51230000E-05
00000104.937
-8.10710000E-05
00000105.002
-7.62070000E-05
00000105.119
-6.72350000E-05
00000105.238
-8.73400000E-05
00000105.302
-8.65840000E-05
00000105.418
-7.48010000E-05
00000105.537
-7.64230000E-05
00000105.602
-8.24760000E-05
00000105.719
-7.70710000E-05
00000105.834
-7.95570000E-05
00000105.951
-8.63670000E-05
00000106.002
-7.49090000E-05
00000106.119
-8.77730000E-05
00000106.234
-1.02690000E-04
00000106.353
-6.84240000E-05
00000106.402
-8.77730000E-05
00000106.519
-7.57740000E-05
00000106.635
-7.38280000E-05
00000106.702
-8.13950000E-05
00000106.818
-7.60980000E-05
00000106.933
-7.45850000E-05
00000107.053
-8.73400000E-05
00000107.102
-8.08550000E-05
00000107.219
-7.90170000E-05
00000107.334
-8.75560000E-05
00000107.449
-8.07460000E-05
00000107.502
-6.92880000E-05
00000107.619
-8.77730000E-05
00000107.734
-7.39370000E-05
00000107.849
-7.83680000E-05
00000107.902
-8.60430000E-05
00000108.019
-7.69630000E-05
00000108.135
-8.99350000E-05
00000108.250
-8.74480000E-05
00000108.302
-7.48010000E-05
00000108.420
-8.25840000E-05
00000108.535
-7.41530000E-05
00000108.650
-7.55580000E-05
00000108.702
-8.91780000E-05
00000108.819
-7.68550000E-05
00000108.936
-7.52340000E-05
00000109.002
-8.29080000E-05
00000109.120
-8.97180000E-05
00000109.237
-8.30160000E-05
00000109.302
-7.77200000E-05
00000109.418
-8.88540000E-05
00000109.534
-7.40450000E-05
00000109.651
-7.71790000E-05
00000109.702
-9.05830000E-05
00000109.818
-7.70710000E-05
00000109.934
-9.01510000E-05
00000110.052
-8.82050000E-05
00000110.102
-7.49090000E-05
00000110.219
-8.65840000E-05
00000110.334
-7.58820000E-05
00000110.452
-7.57740000E-05
00000110.502
-8.84210000E-05
00000110.621
-8.11790000E-05
00000110.736
-7.48010000E-05
00000110.802
-7.88010000E-05
00000110.920
-8.73400000E-05
00000111.035
-7.35040000E-05
00000111.151
-8.72320000E-05
00000111.202
-8.78810000E-05
00000111.320
-7.39370000E-05
00000111.437
-7.42610000E-05
00000111.502
-8.82050000E-05
00000111.619
-7.49090000E-05
00000111.736
-7.40450000E-05
00000111.802
-8.71240000E-05
00000111.918
-7.72870000E-05
00000112.035
-8.66920000E-05
00000112.150
-8.77730000E-05
00000112.202
-7.49090000E-05
00000112.318
-7.45850000E-05
00000112.437
-8.51780000E-05
00000112.502
-8.98260000E-05
00000112.619
-7.69630000E-05
00000112.738
-7.77200000E-05
00000112.802
-9.03670000E-05
00000112.918
-7.77200000E-05
00000113.033
-8.49620000E-05
00000113.152
-8.98260000E-05
00000113.202
-7.73960000E-05
00000113.318
-8.89620000E-05
00000113.434
-9.01510000E-05
00000113.553
-7.70710000E-05
00000113.602
-9.09070000E-05
00000113.719
-7.83680000E-05
00000113.834
-7.84770000E-05
00000113.953
-8.97180000E-05
00000114.002
-7.98820000E-05
00000114.119
-8.77730000E-05
00000114.234
-8.49620000E-05
00000114.302
-8.88540000E-05
00000114.418
-8.03140000E-05
00000114.533
-8.99350000E-05
00000114.650
-8.90700000E-05
00000114.702
-7.54500000E-05
00000114.818
-8.60430000E-05
00000114.934
-7.43690000E-05
00000115.049
-7.62070000E-05
00000115.102
-8.96100000E-05
00000115.219
-7.72870000E-05
00000115.334
-9.13400000E-05
00000115.449
-9.29610000E-05
00000115.502
-7.35040000E-05
00000115.619
-8.80970000E-05
00000115.734
-7.70710000E-05
00000115.850
-7.88010000E-05
00000115.902
-9.10150000E-05
00000116.019
-7.89090000E-05
00000116.135
-8.26920000E-05
00000116.250
-8.80970000E-05
00000116.302
-7.69630000E-05
00000116.419
-8.30160000E-05
00000116.535
-8.37730000E-05
00000116.650
-7.62070000E-05
00000116.702
-8.53950000E-05
00000116.819
-9.03670000E-05
00000116.936
-7.51260000E-05
00000117.002
-7.38280000E-05
00000117.120
-8.83130000E-05
00000117.237
-8.73400000E-05
00000117.302
-6.93970000E-05
00000117.418
-8.72320000E-05
00000117.534
-8.05300000E-05
00000117.651
-7.64230000E-05
00000117.702
-8.39890000E-05
00000117.818
-7.77200000E-05
00000117.934
-8.06380000E-05
00000118.051
-8.91780000E-05
00000118.102
-7.19910000E-05
00000118.219
-8.65840000E-05
00000118.335
-8.89620000E-05
00000118.452
-7.62070000E-05
00000118.502
-7.12340000E-05
00000118.621
-8.89620000E-05
00000118.736
-8.71240000E-05
00000118.802
-7.48010000E-05
00000118.920
-8.80970000E-05
00000119.035
-7.16670000E-05
00000119.151
-7.55580000E-05
00000119.202
-8.91780000E-05
00000119.320
-7.93410000E-05
00000119.438
-7.69630000E-05
00000119.502
-8.93940000E-05
00000119.619
-9.00430000E-05
00000119.736
-7.67470000E-05
00000119.802
-1.00528000E-04
00000119.918
-8.96100000E-05
00000120.037
-8.92860000E-05
00000120.102
-8.58270000E-05
00000120.219
-8.19360000E-05
00000120.338
-8.96100000E-05
00000120.402
-6.72350000E-05
00000120.518
-7.57740000E-05
00000120.637
-8.97180000E-05
00000120.702
-8.06380000E-05
00000120.818
-7.57740000E-05
00000120.938
-7.75040000E-05
00000121.002
-9.04750000E-05
00000121.119
-6.78830000E-05
00000121.236
-7.44770000E-05
00000121.302
-8.83130000E-05
00000121.418
-7.44770000E-05
00000121.533
-8.34490000E-05
00000121.650
-9.37180000E-05
00000121.702
-7.60980000E-05
00000121.818
-9.80420000E-05
00000121.934
-8.79890000E-05
00000122.053
-7.63150000E-05
00000122.102
-7.63150000E-05
00000122.219
-8.74480000E-05
00000122.334
-1.03663000E-04
00000122.402
-7.37200000E-05
00000122.518
-1.02365000E-04
00000122.633
-7.66390000E-05
00000122.752
-7.76120000E-05
00000122.802
-8.11790000E-05
00000122.918
-7.73960000E-05
00000123.033
-9.12320000E-05
00000123.149
-8.88540000E-05
00000123.202
-9.12320000E-05
00000123.320
-8.77730000E-05
00000123.436
-9.04750000E-05
00000123.502
-9.53390000E-05
00000123.619
-8.33410000E-05
00000123.735
-9.05830000E-05
00000123.850
-8.35570000E-05
00000123.902
-7.69630000E-05
00000124.020
-9.24210000E-05
00000124.135
-7.71790000E-05
00000124.250
-8.93940000E-05
00000124.302
-9.40420000E-05
00000124.419
-7.85850000E-05
00000124.535
-9.31770000E-05
00000124.651
-9.43660000E-05
00000124.702
-7.59900000E-05
00000124.819
-9.12320000E-05
00000124.936
-1.05392000E-04
00000125.002
-7.76120000E-05
00000125.120
-7.91250000E-05
00000125.237
-9.22050000E-05
00000125.302
-8.06380000E-05
00000125.418
-8.22600000E-05
00000125.534
-9.12320000E-05
00000125.651
-7.99900000E-05
00000125.702
-8.39890000E-05
00000125.819
-9.16640000E-05
00000125.934
-7.93410000E-05
00000126.052
-9.13400000E-05
00000126.102
-9.05830000E-05
00000126.219
-7.89090000E-05
00000126.334
-9.30690000E-05
00000126.450
-9.10150000E-05
00000126.502
-7.75040000E-05
00000126.621
-9.07990000E-05
00000126.736
-1.04095000E-04
00000126.802
-7.67470000E-05
00000126.918
-9.01510000E-05
00000127.035
-8.26920000E-05
00000127.151
-7.97740000E-05
00000127.202
-9.18800000E-05
00000127.319
-9.27450000E-05
00000127.438
-8.12870000E-05
00000127.502
-7.19910000E-05
00000127.619
-9.11240000E-05
00000127.739
-9.04750000E-05
00000127.802
-7.75040000E-05
00000127.918
-8.65840000E-05
00000128.037
-9.11240000E-05
00000128.102
-7.81520000E-05
00000128.219
-8.71240000E-05
00000128.334
-8.86370000E-05
00000128.402
-8.57190000E-05
00000128.518
-8.48540000E-05
00000128.633
-8.98260000E-05
00000128.752
-8.71240000E-05
00000128.802
-9.10150000E-05
00000128.918
-8.93940000E-05
00000129.033
-7.73960000E-05
00000129.151
-7.83680000E-05
00000129.202
-9.25290000E-05
00000129.319
-7.89090000E-05
00000129.434
-9.23130000E-05
00000129.549
-9.03670000E-05
00000129.602
-6.76670000E-05
00000129.719
-8.85290000E-05
00000129.834
-7.65310000E-05
00000129.949
-7.78280000E-05
00000130.002
-9.06910000E-05
00000130.119
-7.90170000E-05
00000130.235
-9.12320000E-05
00000130.350
-8.96100000E-05
00000130.402
-7.80440000E-05
00000130.520
-8.95020000E-05
00000130.635
-8.21520000E-05
00000130.750
-7.91250000E-05
00000130.802
-9.17720000E-05
00000130.919
-9.15560000E-05
00000131.035
-8.20440000E-05
00000131.151
-9.12320000E-05
00000131.202
-8.89620000E-05
00000131.319
-7.83680000E-05
00000131.436
-8.25840000E-05
00000131.502
-9.22050000E-05
00000131.618
-7.90170000E-05
00000131.735
-8.66920000E-05
00000131.852
-9.03670000E-05
00000131.902
-7.88010000E-05
00000132.018
-9.25290000E-05
00000132.136
-9.22050000E-05
00000132.202
-8.03140000E-05
00000132.319
-9.23130000E-05
00000132.435
-9.25290000E-05
00000132.552
-8.13950000E-05
00000132.602
-9.28530000E-05
00000132.719
-1.03987000E-04
00000132.835
-7.83680000E-05
00000132.952
-9.06910000E-05
00000133.002
-9.01510000E-05
00000133.119
-8.04220000E-05
00000133.235
-9.16640000E-05
00000133.350
-8.13950000E-05
00000133.402
-7.72870000E-05
00000133.520
-9.14480000E-05
00000133.637
-9.07990000E-05
00000133.702
-7.73960000E-05
00000133.819
-9.95550000E-05
00000133.936
-8.83130000E-05
00000134.002
-7.82600000E-05
00000134.118
-7.70710000E-05
00000134.237
-9.04750000E-05
00000134.302
-8.87450000E-05
00000134.418
-7.90170000E-05
00000134.536
-9.29610000E-05
00000134.602
-9.07990000E-05
00000134.719
-7.93410000E-05
00000134.836
-7.93410000E-05
00000134.902
-9.14480000E-05
00000135.018
-8.65840000E-05
00000135.135
-8.51780000E-05
00000135.250
-9.26370000E-05
00000135.302
-7.78280000E-05
00000135.418
-7.79360000E-05
00000135.537
-8.57190000E-05
00000135.602
-9.39340000E-05
00000135.719
-8.32330000E-05
00000135.838
-8.19360000E-05
00000135.902
-9.52310000E-05
00000136.018
-9.03670000E-05
00000136.137
-8.16110000E-05
00000136.202
-9.20960000E-05
00000136.319
-1.02149000E-04
00000136.434
-8.65840000E-05
00000136.502
-8.30160000E-05
00000136.618
-9.33940000E-05
00000136.733
-9.13400000E-05
00000136.852
-7.54500000E-05
00000136.902
-9.50150000E-05
00000137.018
-8.08550000E-05
00000137.133
-1.05068000E-04
00000137.250
-8.72320000E-05
00000137.302
-7.90170000E-05
00000137.418
-9.19880000E-05
00000137.534
-1.00203000E-04
00000137.653
-7.55580000E-05
00000137.702
-9.28530000E-05
00000137.819
-7.98820000E-05
00000137.934
-9.20960000E-05
00000138.049
-9.02590000E-05
00000138.102
-7.29640000E-05
00000138.219
-9.04750000E-05
00000138.334
-9.06910000E-05
00000138.450
-7.50170000E-05
00000138.502
-8.90700000E-05
00000138.620
-9.70690000E-05
00000138.735
-8.43140000E-05
00000138.850
-9.10150000E-05
00000138.902
-1.00852000E-04
00000139.020
-7.83680000E-05
00000139.137
-8.25840000E-05
00000139.202
-8.32330000E-05
00000139.319
-7.98820000E-05
00000139.436
-8.09630000E-05
00000139.502
-8.79890000E-05
00000139.619
-9.25290000E-05
00000139.737
-8.08550000E-05
00000139.802
-8.50700000E-05
00000139.919
-9.47990000E-05
00000140.036
-9.47990000E-05
00000140.102
-8.06380000E-05
00000140.220
-8.84210000E-05
00000140.337
-9.17720000E-05
00000140.402
-8.11790000E-05
00000140.518
-8.40970000E-05
00000140.634
-8.75560000E-05
00000140.751
-8.34490000E-05
00000140.802
-1.11121000E-04
00000140.918
-8.35570000E-05
00000141.034
-8.24760000E-05
00000141.151
-9.32850000E-05
00000141.202
-8.11790000E-05
00000141.319
-8.75560000E-05
00000141.435
-1.06797000E-04
00000141.552
-7.36120000E-05
00000141.602
-8.58270000E-05
00000141.719
-9.53390000E-05
00000141.835
-7.75040000E-05
00000141.950
-9.00430000E-05
00000142.002
-9.24210000E-05
00000142.122
-7.99900000E-05
00000142.237
-8.18270000E-05
00000142.302
-1.03014000E-04
00000142.418
-8.11790000E-05
00000142.536
-8.25840000E-05
00000142.602
-1.08851000E-04
00000142.719
-9.45830000E-05
00000142.836
-8.63670000E-05
00000142.902
-8.63670000E-05
00000143.018
-9.30690000E-05
00000143.137
-9.26370000E-05
00000143.202
-7.97740000E-05
00000143.319
-7.88010000E-05
00000143.438
-9.09070000E-05
00000143.502
-7.88010000E-05
00000143.618
-6.99370000E-05
00000143.737
-8.71240000E-05
00000143.802
-9.30690000E-05
00000143.918
-7.76120000E-05
00000144.036
-7.88010000E-05
00000144.102
-9.31770000E-05
00000144.219
-9.22050000E-05
00000144.338
-8.11790000E-05
00000144.402
-1.02149000E-04
00000144.518
-9.24210000E-05
00000144.637
-8.62590000E-05
00000144.702
-7.91250000E-05
00000144.819
-9.41500000E-05
00000144.934
-8.12870000E-05
00000145.051
-8.33410000E-05
00000145.102
-1.04635000E-04
00000145.219
-7.92330000E-05
00000145.335
-8.11790000E-05
00000145.402
-9.45830000E-05
00000145.518
-8.22600000E-05
00000145.633
-8.00980000E-05
00000145.753
-9.24210000E-05
00000145.802
-7.83680000E-05
00000145.919
-9.19880000E-05
00000146.034
-9.41500000E-05
00000146.153
-8.40970000E-05
00000146.202
-9.50150000E-05
00000146.319
-8.68000000E-05
00000146.434
-9.30690000E-05
00000146.549
-9.41500000E-05
00000146.602
-8.89620000E-05
00000146.719
-8.39890000E-05
00000146.835
-9.56640000E-05
00000146.950
-8.60430000E-05
00000147.002
-8.30160000E-05
00000147.120
-9.57720000E-05
00000147.235
-8.29080000E-05
00000147.350
-8.80970000E-05
00000147.402
-9.37180000E-05
00000147.520
-8.18270000E-05
00000147.637
-9.13400000E-05
00000147.702
-9.40420000E-05
00000147.820
-8.48540000E-05
00000147.936
-8.28000000E-05
00000148.002
-9.32850000E-05
00000148.118
-9.24210000E-05
00000148.235
-8.33410000E-05
00000148.350
-9.27450000E-05
00000148.402
-8.96100000E-05
00000148.519
-7.94490000E-05
00000148.636
-8.15030000E-05
00000148.702
-8.63670000E-05
00000148.820
-8.16110000E-05
00000148.937
-8.38810000E-05
00000149.002
-9.57720000E-05
00000149.118
-8.35570000E-05
00000149.234
-8.96100000E-05
00000149.351
-9.31770000E-05
00000149.402
-8.16110000E-05
00000149.518
-9.38260000E-05
00000149.634
-9.50150000E-05
00000149.752
-9.80420000E-05
00000149.802
-9.38260000E-05
00000149.919
-8.75560000E-05
00000150.034
-8.90700000E-05
00000150.149
-9.25290000E-05
00000150.202
-9.38260000E-05
00000150.321
-7.92330000E-05
00000150.436
-8.12870000E-05
00000150.502
-9.40420000E-05
00000150.618
-7.95570000E-05
00000150.735
-9.27450000E-05
00000150.850
-1.02257000E-04
00000150.902
-7.85850000E-05
00000151.018
-8.72320000E-05
00000151.137
-9.17720000E-05
00000151.202
-8.10710000E-05
00000151.319
-7.82600000E-05
00000151.438
-8.76650000E-05
00000151.502
-8.80970000E-05
00000151.618
-7.84770000E-05
00000151.737
-8.02060000E-05
00000151.802
-1.03771000E-04
00000151.919
-7.72870000E-05
00000152.034
-9.14480000E-05
00000152.151
-9.14480000E-05
00000152.202
-7.92330000E-05
00000152.319
-9.19880000E-05
00000152.434
-8.84210000E-05
00000152.551
-8.04220000E-05
00000152.602
-9.33940000E-05
00000152.718
-8.03140000E-05
00000152.833
-9.35020000E-05
00000152.948
-1.05824000E-04
00000153.002
-8.72320000E-05
00000153.120
-8.37730000E-05
00000153.235
-9.27450000E-05
00000153.352
-8.08550000E-05
00000153.402
-9.39340000E-05
00000153.520
-9.17720000E-05
00000153.635
-8.03140000E-05
00000153.751
-9.11240000E-05
00000153.802
-9.23130000E-05
00000153.919
-8.65840000E-05
00000154.036
-7.29640000E-05
00000154.102
-9.18800000E-05
00000154.218
-8.00980000E-05
00000154.335
-9.19880000E-05
00000154.450
-9.28530000E-05
00000154.502
-7.42610000E-05
00000154.619
-9.32850000E-05
00000154.735
-8.16110000E-05
00000154.850
-8.02060000E-05
00000154.902
-9.23130000E-05
00000155.019
-1.00960000E-04
00000155.136
-7.89090000E-05
00000155.202
-7.99900000E-05
00000155.320
-9.38260000E-05
00000155.437
-9.56640000E-05
00000155.502
-7.78280000E-05
00000155.618
-9.33940000E-05
00000155.734
-8.19360000E-05
00000155.851
-7.93410000E-05
00000155.902
-8.99350000E-05
00000156.018
-7.82600000E-05
00000156.134
-9.10150000E-05
00000156.252
-9.22050000E-05
00000156.302
-7.72870000E-05
00000156.419
-9.25290000E-05
00000156.534
-7.98820000E-05
00000156.650
-7.91250000E-05
00000156.702
-8.06380000E-05
00000156.821
-9.07990000E-05
00000156.936
-8.06380000E-05
00000157.002
-9.06910000E-05
00000157.118
-1.01933000E-04
00000157.235
-7.85850000E-05
00000157.351
-8.64750000E-05
00000157.402
-1.04095000E-04
00000157.518
-7.79360000E-05
00000157.638
-7.93410000E-05
00000157.702
-1.02365000E-04
00000157.819
-9.24210000E-05
00000157.938
-8.16110000E-05
00000158.002
-8.86370000E-05
00000158.118
-9.44740000E-05
00000158.237
-9.00430000E-05
00000158.302
-7.46930000E-05
00000158.419
-9.45830000E-05
00000158.534
-9.46910000E-05
00000158.602
-7.78280000E-05
00000158.718
-9.46910000E-05
00000158.833
-8.78810000E-05
00000158.952
-7.63150000E-05
00000159.002
-9.16640000E-05
00000159.118
-7.91250000E-05
00000159.233
-9.98790000E-05
00000159.350
-8.26920000E-05
00000159.402
-7.96660000E-05
00000159.518
-1.00960000E-04
00000159.634
-9.02590000E-05
00000159.751
-7.97740000E-05
00000159.802
-1.05284000E-04
00000159.919
-8.29080000E-05
00000160.034
-8.98260000E-05
00000160.149
-1.06797000E-04
00000160.202
-8.99350000E-05
00000160.319
-8.10710000E-05
00000160.434
-8.98260000E-05
00000160.550
-8.46380000E-05
00000160.602
-8.17190000E-05
00000160.720
-9.10150000E-05
00000160.835
-8.16110000E-05
00000160.950
-8.47460000E-05
00000161.002
-8.96100000E-05
00000161.120
-7.99900000E-05
00000161.235
-9.35020000E-05
00000161.350
-9.52310000E-05
00000161.402
-7.20990000E-05
00000161.519
-9.44740000E-05
00000161.636
-9.46910000E-05
00000161.702
-9.20960000E-05
00000161.820
-8.39890000E-05
00000161.936
-9.40420000E-05
00000162.002
-1.04095000E-04
00000162.119
-8.12870000E-05
00000162.236
-8.05300000E-05
00000162.302
-9.51230000E-05
00000162.419
-8.16110000E-05
00000162.537
-8.36650000E-05
00000162.602
-9.60960000E-05
00000162.718
-8.69080000E-05
00000162.836
-8.65840000E-05
00000162.902
-9.19880000E-05
00000163.018
-9.18800000E-05
00000163.134
-8.40970000E-05
00000163.252
-9.30690000E-05
00000163.302
-9.75010000E-05
00000163.419
-8.39890000E-05
00000163.534
-8.88540000E-05
00000163.650
-9.55550000E-05
00000163.702
-8.45300000E-05
00000163.821
-9.62040000E-05
00000163.936
-9.65280000E-05
00000164.002
-9.79340000E-05
00000164.118
-9.50150000E-05
00000164.235
-8.63670000E-05
00000164.351
-8.10710000E-05
00000164.402
-9.25290000E-05
00000164.519
-1.06041000E-04
00000164.638
-7.76120000E-05
00000164.702
-7.89090000E-05
00000164.819
-9.24210000E-05
00000164.936
-9.44740000E-05
00000165.002
-8.10710000E-05
00000165.118
-9.06910000E-05
00000165.233
-8.20440000E-05
00000165.351
-7.93410000E-05
00000165.402
-9.30690000E-05
00000165.518
-8.02060000E-05
00000165.634
-7.93410000E-05
00000165.753
-9.22050000E-05
00000165.802
-8.31250000E-05
00000165.919
-9.60960000E-05
00000166.034
-9.49070000E-05
00000166.102
-8.38810000E-05
00000166.218
-9.52310000E-05
00000166.333
-8.60430000E-05
00000166.452
-8.46380000E-05
00000166.502
-8.75560000E-05
00000166.618
-9.37180000E-05
00000166.733
-8.47460000E-05
00000166.849
-8.76650000E-05
00000166.902
-9.66360000E-05
00000167.020
-7.50170000E-05
00000167.136
-8.04220000E-05
00000167.202
-9.43660000E-05
00000167.319
-8.15030000E-05
00000167.435
-9.39340000E-05
00000167.550
-9.62040000E-05
00000167.602
-8.33410000E-05
00000167.720
-8.96100000E-05
00000167.837
-8.77730000E-05
00000167.902
-9.56640000E-05
00000168.019
-8.30160000E-05
00000168.136
-8.16110000E-05
00000168.202
-9.53390000E-05
00000168.320
-8.26920000E-05
00000168.437
-8.16110000E-05
00000168.502
-9.43660000E-05
00000168.619
-8.75560000E-05
00000168.735
-8.92860000E-05
00000168.851
-1.09067000E-04
00000168.902
-8.61510000E-05
00000169.019
-8.29080000E-05
00000169.137
-9.06910000E-05
00000169.202
-9.64200000E-05
00000169.320
-8.40970000E-05
00000169.437
-8.17190000E-05
00000169.502
-9.57720000E-05
00000169.618
-8.26920000E-05
00000169.734
-9.51230000E-05
00000169.852
-9.79340000E-05
00000169.902
-7.70710000E-05
00000170.019
-9.66360000E-05
00000170.134
-9.80420000E-05
00000170.252
-8.28000000E-05
00000170.302
-9.60960000E-05
00000170.419
-8.70160000E-05
00000170.535
-8.40970000E-05
00000170.652
-9.90140000E-05
00000170.702
-9.23130000E-05
00000170.819
-9.33940000E-05
00000170.935
-9.76090000E-05
00000171.050
-8.49620000E-05
00000171.102
-8.36650000E-05
00000171.220
-9.80420000E-05
00000171.335
-8.30160000E-05
00000171.451
-9.59880000E-05
00000171.502
-9.33940000E-05
00000171.618
-8.48540000E-05
00000171.735
-9.79340000E-05
00000171.851
-9.19880000E-05
00000171.902
-8.26920000E-05
00000172.019
-8.73400000E-05
00000172.138
-9.59880000E-05
00000172.202
-8.47460000E-05
00000172.318
-9.35020000E-05
00000172.437
-9.93390000E-05
00000172.502
-8.59350000E-05
00000172.618
-9.87980000E-05
00000172.733
-1.00312000E-04
00000172.851
-8.53950000E-05
00000172.902
-9.16640000E-05
00000173.019
-1.08202000E-04
00000173.134
-9.44740000E-05
00000173.202
-8.38810000E-05
00000173.318
-9.72850000E-05
00000173.433
-8.44220000E-05
00000173.552
-8.46380000E-05
00000173.602
-9.73930000E-05
00000173.718
-8.39890000E-05
00000173.833
-9.77170000E-05
00000173.948
-9.83660000E-05
00000174.002
-8.48540000E-05
00000174.120
-9.87980000E-05
00000174.235
-9.78250000E-05
00000174.353
-8.36650000E-05
00000174.402
-9.67440000E-05
00000174.519
-9.35020000E-05
00000174.636
-8.56110000E-05
00000174.702
-8.83130000E-05
00000174.818
-9.67440000E-05
00000174.937
-9.82580000E-05
00000175.002
-8.48540000E-05
00000175.119
-1.02473000E-04
00000175.235
-8.25840000E-05
00000175.351
-8.30160000E-05
00000175.402
-9.70690000E-05
00000175.520
-8.60430000E-05
00000175.636
-8.31250000E-05
00000175.702
-8.79890000E-05
00000175.818
-9.45830000E-05
00000175.935
-8.35570000E-05
00000176.052
-9.76090000E-05
00000176.102
-9.01510000E-05
00000176.219
-9.86900000E-05
00000176.336
-8.32330000E-05
00000176.402
-9.79340000E-05
00000176.519
-9.35020000E-05
00000176.637
-7.66390000E-05
00000176.702
-9.63120000E-05
00000176.818
-8.44220000E-05
00000176.933
-9.33940000E-05
00000177.050
-9.76090000E-05
00000177.102
-8.62590000E-05
00000177.218
-8.89620000E-05
00000177.334
-9.76090000E-05
00000177.451
-8.37730000E-05
00000177.502
-9.83660000E-05
00000177.620
-9.66360000E-05
00000177.736
-9.33940000E-05
00000177.802
-9.13400000E-05
00000177.921
-8.48540000E-05
00000178.124
-9.77170000E-05
00000178.240
-8.84210000E-05
00000178.302
-8.34490000E-05
00000178.421
-9.41500000E-05
00000178.536
-9.76090000E-05
00000178.602
-9.43660000E-05
00000178.722
-8.21520000E-05
00000178.839
-9.71770000E-05
00000178.902
-9.76090000E-05
00000179.019
-8.37730000E-05
00000179.136
-9.42580000E-05
00000179.202
-8.96100000E-05
00000179.318
-8.26920000E-05
00000179.437
-8.18270000E-05
00000179.502
-8.69080000E-05
00000179.618
-8.20440000E-05
00000179.736
-7.98820000E-05
00000179.802
-8.88540000E-05
00000179.919
-9.42580000E-05
00000180.036
-8.68000000E-05
00000180.102
-8.36650000E-05
00000180.218
-9.41500000E-05
00000180.337
-9.58800000E-05
00000180.402
-8.24760000E-05
00000180.519
-8.04220000E-05
00000180.638
-9.64200000E-05
00000180.702
-8.46380000E-05
00000180.818
-8.06380000E-05
00000180.937
-9.28530000E-05
00000181.002
-1.05932000E-04
00000181.118
-8.45300000E-05
00000181.236
-8.46380000E-05
00000181.302
-1.09500000E-04
00000181.419
-9.79340000E-05
00000181.538
-8.51780000E-05
00000181.602
-9.67440000E-05
00000181.718
-9.78250000E-05
00000181.837
-9.22050000E-05
00000181.902
-7.57740000E-05
00000182.019
-9.79340000E-05
00000182.134
-1.00095000E-04
00000182.251
-8.07460000E-05
00000182.302
-9.92310000E-05
00000182.419
-8.72320000E-05
00000182.534
-8.51780000E-05
00000182.602
-9.76090000E-05
00000182.718
-8.45300000E-05
00000182.833
-8.45300000E-05
00000182.952
-1.08527000E-04
00000183.002
-8.49620000E-05
00000183.118
-9.94470000E-05
00000183.234
-9.56640000E-05
00000183.349
-8.09630000E-05
00000183.402
-9.70690000E-05
00000183.519
-9.44740000E-05
00000183.634
-9.30690000E-05
00000183.749
-1.00203000E-04
00000183.802
-9.97710000E-05
00000183.919
-8.45300000E-05
00000184.034
-1.01501000E-04
00000184.150
-9.01510000E-05
00000184.202
-8.38810000E-05
00000184.320
-9.73930000E-05
00000184.437
-9.80420000E-05
00000184.502
-8.47460000E-05
00000184.619
-9.68530000E-05
00000184.736
-1.08635000E-04
00000184.802
-9.02590000E-05
00000184.920
-8.40970000E-05
00000185.036
-9.54470000E-05
00000185.102
-1.08311000E-04
00000185.218
-8.38810000E-05
00000185.334
-9.89060000E-05
00000185.451
-9.54470000E-05
00000185.502
-9.67440000E-05
00000185.619
-9.53390000E-05
00000185.737
-9.76090000E-05
00000185.802
-8.48540000E-05
00000185.920
-8.62590000E-05
00000186.037
-9.58800000E-05
00000186.102
-8.59350000E-05
00000186.218
-9.37180000E-05
00000186.334
-8.91780000E-05
00000186.451
-8.24760000E-05
00000186.502
-8.95020000E-05
00000186.619
-9.79340000E-05
00000186.734
-8.51780000E-05
00000186.852
-9.43660000E-05
00000186.902
-9.69610000E-05
00000187.019
-8.64750000E-05
00000187.135
-9.92310000E-05
00000187.252
-9.73930000E-05
00000187.302
-8.51780000E-05
00000187.419
-9.80420000E-05
00000187.535
-8.52860000E-05
00000187.650
-8.51780000E-05
00000187.702
-9.95550000E-05
00000187.820
-8.69080000E-05
00000187.935
-9.68530000E-05
00000188.051
-9.70690000E-05
00000188.102
-8.45300000E-05
00000188.218
-9.58800000E-05
00000188.335
-8.49620000E-05
00000188.451
-8.40970000E-05
00000188.502
-9.83660000E-05
00000188.619
-9.19880000E-05
00000188.736
-8.63670000E-05
00000188.802
-8.76650000E-05
00000188.919
-1.05932000E-04
00000189.038
-9.14480000E-05
00000189.102
-8.34490000E-05
00000189.218
-9.59880000E-05
00000189.333
-8.59350000E-05
00000189.453
-8.45300000E-05
00000189.502
-9.75010000E-05
00000189.619
-8.58270000E-05
00000189.734
-8.91780000E-05
00000189.853
-9.68530000E-05
00000189.902
-8.46380000E-05
00000190.019
-9.62040000E-05
00000190.134
-9.77170000E-05
00000190.202
-8.62590000E-05
00000190.318
-9.81500000E-05
00000190.433
-8.63670000E-05
00000190.548
-8.50700000E-05
00000190.602
-8.51780000E-05
00000190.720
-9.89060000E-05
00000190.835
-8.69080000E-05
00000190.953
-9.68530000E-05
00000191.002
-1.01176000E-04
00000191.119
-8.22600000E-05
00000191.234
-1.00960000E-04
00000191.349
-9.71770000E-05
00000191.402
-8.49620000E-05
00000191.520
-9.81500000E-05
00000191.636
-9.96630000E-05
00000191.702
-8.63670000E-05
00000191.819
-9.85820000E-05
00000191.935
-8.58270000E-05
00000192.050
-8.68000000E-05
00000192.102
-9.93390000E-05
00000192.219
-9.81500000E-05
00000192.336
-8.73400000E-05
00000192.402
-8.50700000E-05
00000192.520
-1.00528000E-04
00000192.637
-9.85820000E-05
00000192.702
-8.58270000E-05
00000192.818
-9.89060000E-05
00000192.934
-8.63670000E-05
00000193.051
-8.71240000E-05
00000193.102
-1.00312000E-04
00000193.218
-7.82600000E-05
00000193.334
-9.85820000E-05
00000193.451
-9.75010000E-05
00000193.502
-8.43140000E-05
00000193.619
-9.76090000E-05
00000193.735
-9.80420000E-05
00000193.852
-8.56110000E-05
00000193.902
-8.84210000E-05
00000194.019
-8.69080000E-05
00000194.134
-9.70690000E-05
00000194.250
-9.79340000E-05
00000194.302
-9.73930000E-05
00000194.421
-8.53950000E-05
00000194.537
-9.43660000E-05
00000194.602
-9.42580000E-05
00000194.718
-8.82050000E-05
00000194.835
-1.00636000E-04
00000194.951
-1.00420000E-04
00000195.002
-8.58270000E-05
00000195.119
-9.79340000E-05
00000195.238
-9.96630000E-05
00000195.302
-1.01717000E-04
00000195.418
-8.76650000E-05
00000195.537
-1.00095000E-04
00000195.602
-9.18800000E-05
00000195.718
-9.58800000E-05
00000195.834
-1.12634000E-04
00000195.951
-8.59350000E-05
00000196.002
-8.78810000E-05
00000196.119
-1.01176000E-04
00000196.234
-8.82050000E-05
00000196.353
-9.27450000E-05
00000196.402
-9.50150000E-05
00000196.519
-8.68000000E-05
00000196.634
-8.72320000E-05
00000196.702
-1.01393000E-04
00000196.818
-8.78810000E-05
00000196.933
-8.65840000E-05
00000197.052
-9.82580000E-05
00000197.102
-8.55030000E-05
00000197.218
-9.94470000E-05
00000197.334
-8.71240000E-05
00000197.449
-8.83130000E-05
00000197.502
-8.71240000E-05
00000197.621
-1.01176000E-04
00000197.736
-9.18800000E-05
00000197.802
-8.02060000E-05
00000197.920
-9.86900000E-05
00000198.035
-8.61510000E-05
00000198.150
-9.10150000E-05
00000198.202
-9.80420000E-05
00000198.320
-8.65840000E-05
00000198.435
-9.18800000E-05
00000198.550
-9.66360000E-05
00000198.602
-8.50700000E-05
00000198.720
-1.04311000E-04
00000198.838
-9.46910000E-05
00000198.902
-8.68000000E-05
00000199.020
-1.01501000E-04
00000199.136
-9.35020000E-05
00000199.202
-9.65280000E-05
00000199.319
-8.43140000E-05
00000199.436
-8.58270000E-05
00000199.502
-1.00095000E-04
00000199.620
-8.36650000E-05
00000199.737
-8.56110000E-05
00000199.802
-9.96630000E-05
00000199.918
-9.38260000E-05
00000200.036
-8.80970000E-05
00000200.102
-1.05824000E-04
00000200.218
-9.86900000E-05
00000200.334
-8.64750000E-05
00000200.452
-1.05716000E-04
00000200.502
-9.84740000E-05
00000200.619
-8.65840000E-05
00000200.735
-9.50150000E-05
00000200.852
-9.96630000E-05
00000200.902
-8.62590000E-05
00000201.019
-9.70690000E-05
00000201.135
-8.93940000E-05
00000201.252
-8.82050000E-05
00000201.302
-9.86900000E-05
00000201.420
-8.88540000E-05
00000201.535
-1.00852000E-04
00000201.651
-9.94470000E-05
00000201.702
-7.88010000E-05
00000201.820
-9.90140000E-05
00000201.935
-8.95020000E-05
00000202.051
-9.97710000E-05
00000202.102
-9.89060000E-05
00000202.218
-9.19880000E-05
00000202.336
-9.55550000E-05
00000202.402
-8.72320000E-05
00000202.519
-1.00960000E-04
00000202.636
-9.94470000E-05
00000202.702
-8.25840000E-05
00000202.818
-9.98790000E-05
00000202.937
-9.87980000E-05
00000203.002
-8.22600000E-05
00000203.119
-9.33940000E-05
00000203.236
-9.98790000E-05
00000203.302
-8.13950000E-05
00000203.418
-8.63670000E-05
00000203.537
-8.73400000E-05
00000203.602
-1.01393000E-04
00000203.718
-9.27450000E-05
00000203.838
-1.00960000E-04
00000203.902
-1.00852000E-04
00000204.019
-1.02041000E-04
00000204.136
-9.06910000E-05
00000204.202
-1.05824000E-04
00000204.318
-9.60960000E-05
00000204.433
-8.92860000E-05
00000204.550
-9.53390000E-05
00000204.602
-1.07662000E-04
00000204.718
-8.61510000E-05
00000204.834
-9.85820000E-05
00000204.951
-9.96630000E-05
00000205.002
-9.31770000E-05
00000205.119
-1.00095000E-04
00000205.234
-9.93390000E-05
00000205.302
-8.66920000E-05
00000205.418
-8.87450000E-05
00000205.533
-8.59350000E-05
00000205.648
-8.83130000E-05
00000205.702
-9.83660000E-05
00000205.820
-9.50150000E-05
00000205.935
-7.91250000E-05
00000206.053
-9.60960000E-05
00000206.102
-1.00960000E-04
00000206.220
-8.68000000E-05
00000206.336
-9.45830000E-05
00000206.402
-1.06149000E-04
00000206.520
-8.51780000E-05
00000206.637
-8.91780000E-05
00000206.702
-1.01284000E-04
00000206.819
-8.83130000E-05
00000206.935
-1.14904000E-04
00000207.051
-9.36100000E-05
00000207.102
-8.82050000E-05
00000207.219
-9.82580000E-05
00000207.336
-9.93390000E-05
00000207.402
-9.91230000E-05
00000207.520
-7.99900000E-05
00000207.637
-8.64750000E-05
00000207.702
-9.89060000E-05
00000207.819
-8.60430000E-05
00000207.936
-8.82050000E-05
00000208.002
-1.05500000E-04
00000208.120
-9.81500000E-05
00000208.237
-8.82050000E-05
00000208.302
-1.00203000E-04
00000208.418
-9.93390000E-05
00000208.534
-8.80970000E-05
00000208.651
-9.68530000E-05
00000208.702
-9.72850000E-05
00000208.818
-8.59350000E-05
00000208.934
-9.94470000E-05
00000209.051
-9.92310000E-05
00000209.102
-7.84770000E-05
00000209.219
-1.00960000E-04
00000209.334
-8.89620000E-05
00000209.452
-8.53950000E-05
00000209.502
-9.86900000E-05
00000209.621
-8.70160000E-05
00000209.736
-8.80970000E-05
00000209.802
-1.00852000E-04
00000209.920
-9.11240000E-05
00000210.035
-9.56640000E-05
00000210.151
-1.00960000E-04
00000210.202
-9.79340000E-05
00000210.322
-9.04750000E-05
00000210.439
-9.77170000E-05
00000210.502
-1.01825000E-04
00000210.619
-8.82050000E-05
00000210.736
-8.85290000E-05
00000210.802
-1.01501000E-04
00000210.918
-9.58800000E-05
00000211.037
-8.99350000E-05
00000211.102
-1.00852000E-04
00000211.219
-1.02473000E-04
00000211.336
-9.66360000E-05
00000211.402
-8.90700000E-05
00000211.519
-1.00203000E-04
00000211.639
-1.01501000E-04
00000211.702
-8.78810000E-05
00000211.818
-9.22050000E-05
00000211.937
-9.91230000E-05
00000212.002
-9.04750000E-05
00000212.119
-8.82050000E-05
00000212.238
-9.26370000E-05
00000212.302
-8.78810000E-05
00000212.418
-8.55030000E-05
00000212.537
-8.66920000E-05
00000212.602
-9.93390000E-05
00000212.719
-8.65840000E-05
00000212.834
-9.90140000E-05
00000212.951
-1.00852000E-04
00000213.002
-8.25840000E-05
00000213.119
-1.00312000E-04
00000213.234
-9.92310000E-05
00000213.302
-8.88540000E-05
00000213.418
-9.82580000E-05
00000213.533
-1.00960000E-04
00000213.652
-9.25290000E-05
00000213.702
-8.90700000E-05
00000213.818
-9.99870000E-05
00000213.933
-9.03670000E-05
00000214.049
-9.16640000E-05
00000214.102
-9.95550000E-05
00000214.219
-8.65840000E-05
00000214.334
-9.98790000E-05
00000214.449
-1.17066000E-04
00000214.502
-8.77730000E-05
00000214.619
-1.01933000E-04
00000214.734
-8.91780000E-05
00000214.850
-8.72320000E-05
00000214.902
-1.13391000E-04
00000215.019
-8.50700000E-05
00000215.135
-9.95550000E-05
00000215.250
-1.01609000E-04
00000215.302
-8.84210000E-05
00000215.419
-1.10040000E-04
00000215.535
-8.83130000E-05
00000215.650
-8.73400000E-05
00000215.702
-1.00420000E-04
00000215.819
-1.00636000E-04
00000215.937
-9.05830000E-05
00000216.002
-8.25840000E-05
00000216.120
-1.01501000E-04
00000216.237
-1.04527000E-04
00000216.302
-9.10150000E-05
00000216.419
-1.03987000E-04
00000216.536
-1.03554000E-04
00000216.602
-8.92860000E-05
00000216.719
-1.03122000E-04
00000216.835
-1.16742000E-04
00000216.952
-8.38810000E-05
00000217.002
-1.01176000E-04
00000217.119
-9.91230000E-05
00000217.235
-8.69080000E-05
00000217.352
-1.02365000E-04
00000217.402
-1.02690000E-04
00000217.520
-8.30160000E-05
00000217.635
-1.04311000E-04
00000217.750
-9.28530000E-05
00000217.802
-9.96630000E-05
00000217.922
-1.01717000E-04
00000218.037
-1.04743000E-04
00000218.102
-1.06149000E-04
00000218.219
-1.01717000E-04
00000218.336
-1.03230000E-04
00000218.402
-9.06910000E-05
00000218.518
-1.02365000E-04
00000218.635
-1.09067000E-04
00000218.750
-8.46380000E-05
00000218.802
-1.02690000E-04
00000218.918
-1.01393000E-04
00000219.037
-9.09070000E-05
00000219.102
-8.93940000E-05
00000219.219
-1.01717000E-04
00000219.338
-1.12742000E-04
00000219.402
-9.00430000E-05
00000219.518
-9.65280000E-05
00000219.637
-1.16958000E-04
00000219.702
-8.93940000E-05
00000219.818
-1.00744000E-04
00000219.934
-1.01609000E-04
00000220.051
-8.46380000E-05
00000220.102
-9.27450000E-05
00000220.219
-1.06581000E-04
00000220.334
-8.55030000E-05
00000220.453
-9.72850000E-05
00000220.502
-1.01609000E-04
00000220.619
-8.78810000E-05
00000220.734
-8.74480000E-05
00000220.802
-9.50150000E-05
00000220.918
-8.82050000E-05
00000221.033
-9.46910000E-05
00000221.152
-1.12202000E-04
00000221.202
-8.93940000E-05
00000221.318
-1.03446000E-04
00000221.434
-8.30160000E-05
00000221.549
-8.71240000E-05
00000221.602
-1.01068000E-04
00000221.719
-1.00960000E-04
00000221.834
-9.97710000E-05
00000221.949
-1.01284000E-04
00000222.002
-9.37180000E-05
00000222.119
-9.72850000E-05
00000222.234
-9.62040000E-05
00000222.350
-8.85290000E-05
00000222.402
-9.43660000E-05
00000222.518
-1.02473000E-04
00000222.635
-8.86370000E-05
00000222.750
-1.02906000E-04
00000222.802
-1.03663000E-04
00000222.919
-8.32330000E-05
00000223.035
-1.03230000E-04
00000223.150
-9.81500000E-05
00000223.202
-8.99350000E-05
00000223.319
-1.01284000E-04
00000223.436
-1.17931000E-04
00000223.502
-8.87450000E-05
00000223.620
-9.42580000E-05
00000223.737
-1.03230000E-04
00000223.802
-9.05830000E-05
00000223.918
-1.12851000E-04
00000224.034
-1.02257000E-04
00000224.151
-8.83130000E-05
00000224.202
-9.82580000E-05
00000224.318
-1.00203000E-04
00000224.434
-1.00744000E-04
00000224.552
-9.43660000E-05
00000224.602
-1.03663000E-04
00000224.719
-8.86370000E-05
00000224.835
-1.03554000E-04
00000224.952
-9.91230000E-05
00000225.002
-9.81500000E-05
00000225.119
-1.01933000E-04
00000225.234
-9.00430000E-05
00000225.350
-8.89620000E-05
00000225.402
-1.03014000E-04
00000225.522
-9.13400000E-05
00000225.637
-8.96100000E-05
00000225.702
-9.16640000E-05
00000225.818
-9.60960000E-05
00000225.936
-8.93940000E-05
00000226.002
-8.96100000E-05
00000226.119
-1.00095000E-04
00000226.236
-1.01825000E-04
00000226.302
-8.78810000E-05
00000226.418
-9.53390000E-05
00000226.535
-8.72320000E-05
00000226.651
-8.66920000E-05
00000226.702
-9.99870000E-05
00000226.819
-1.00528000E-04
00000226.938
-8.74480000E-05
00000227.002
-9.73930000E-05
00000227.119
-1.10689000E-04
00000227.236
-9.23130000E-05
00000227.302
-9.15560000E-05
00000227.418
-1.02257000E-04
00000227.533
-8.76650000E-05
00000227.651
-9.15560000E-05
00000227.702
-1.02257000E-04
00000227.819
-9.05830000E-05
00000227.934
-1.02257000E-04
00000228.053
-1.03230000E-04
00000228.102
-8.97180000E-05
00000228.219
-9.87980000E-05
00000228.334
-1.03122000E-04
00000228.402
-9.12320000E-05
00000228.518
-1.03987000E-04
00000228.633
-1.04203000E-04
00000228.752
-8.97180000E-05
00000228.802
-1.01933000E-04
00000228.918
-8.90700000E-05
00000229.033
-1.02257000E-04
00000229.149
-1.03879000E-04
00000229.202
-1.05284000E-04
00000229.320
-8.93940000E-05
00000229.436
-9.13400000E-05
00000229.502
-1.03987000E-04
00000229.619
-9.11240000E-05
00000229.735
-1.03879000E-04
00000229.850
-1.04635000E-04
00000229.902
-1.06041000E-04
00000230.020
-9.96630000E-05
00000230.137
-1.04527000E-04
00000230.202
-9.28530000E-05
00000230.319
-9.33940000E-05
00000230.436
-1.02041000E-04
00000230.502
-1.04635000E-04
00000230.620
-8.22600000E-05
00000230.737
-8.71240000E-05
00000230.802
-1.02257000E-04
00000230.919
-9.09070000E-05
00000231.036
-8.86370000E-05
00000231.102
-9.82580000E-05
00000231.220
-1.01825000E-04
00000231.337
-9.41500000E-05
00000231.402
-8.76650000E-05
00000231.518
-1.01284000E-04
00000231.634
-8.84210000E-05
00000231.751
-9.27450000E-05
00000231.802
-9.76090000E-05
00000231.918
-8.96100000E-05
00000232.034
-1.03230000E-04
00000232.151
-1.02690000E-04
00000232.202
-8.31250000E-05
00000232.319
-1.01393000E-04
00000232.435
-9.01510000E-05
00000232.552
-9.04750000E-05
00000232.602
-9.80420000E-05
00000232.721
-9.35020000E-05
00000232.836
-8.98260000E-05
00000232.902
-9.65280000E-05
00000233.020
-9.63120000E-05
00000233.135
-8.99350000E-05
00000233.251
-1.04419000E-04
00000233.302
-1.03771000E-04
00000233.420
-9.13400000E-05
00000233.537
-1.00203000E-04
00000233.602
-1.04203000E-04
00000233.719
-9.11240000E-05
00000233.836
-1.03663000E-04
00000233.902
-1.01825000E-04
00000234.018
-1.04095000E-04
00000234.137
-9.03670000E-05
00000234.202
-9.43660000E-05
00000234.319
-1.01176000E-04
00000234.438
-1.02365000E-04
00000234.502
-8.43140000E-05
00000234.618
-9.92310000E-05
00000234.737
-1.02041000E-04
00000234.802
-8.30160000E-05
00000234.918
-8.77730000E-05
00000235.037
-1.02690000E-04
00000235.102
-9.11240000E-05
00000235.219
-9.06910000E-05
00000235.336
-8.99350000E-05
00000235.402
-1.05392000E-04
00000235.518
-9.11240000E-05
00000235.633
-9.51230000E-05
00000235.750
-1.00528000E-04
00000235.802
-9.06910000E-05
00000235.918
-1.17282000E-04
00000236.034
-9.02590000E-05
00000236.151
-9.07990000E-05
00000236.202
-1.04095000E-04
00000236.319
-8.91780000E-05
00000236.434
-8.98260000E-05
00000236.502
-1.02582000E-04
00000236.618
-8.51780000E-05
00000236.733
-8.99350000E-05
00000236.852
-1.04203000E-04
00000236.902
-9.40420000E-05
00000237.018
-1.01284000E-04
00000237.133
-9.95550000E-05
00000237.248
-1.08635000E-04
00000237.302
-9.01510000E-05
00000237.420
-1.04527000E-04
00000237.536
-1.04743000E-04
00000237.602
-9.28530000E-05
00000237.719
-1.17282000E-04
00000237.834
-9.13400000E-05
00000237.950
-9.39340000E-05
00000238.002
-1.06581000E-04
00000238.120
-9.07990000E-05
00000238.235
-1.05500000E-04
00000238.350
-1.04743000E-04
00000238.402
-8.47460000E-05
00000238.519
-9.96630000E-05
00000238.635
-9.86900000E-05
00000238.750
-1.02473000E-04
00000238.802
-9.06910000E-05
00000238.921
-1.04095000E-04
00000239.038
-1.09392000E-04
00000239.102
-8.70160000E-05
00000239.220
-1.01825000E-04
00000239.337
-1.02365000E-04
00000239.402
-8.63670000E-05
00000239.519
-1.01176000E-04
00000239.636
-1.03663000E-04
00000239.702
-9.43660000E-05
00000239.819
-1.05824000E-04
00000239.935
-1.01609000E-04
00000240.052
-1.01609000E-04
00000240.152
